/*--------------------------------*- C++ -*----------------------------------*\
| =========                 |                                                 |
| \\      /  F ield         | OpenFOAM: The Open Source CFD Toolbox           |
|  \\    /   O peration     | Version:  2.4.x                                 |
|   \\  /    A nd           | Web:      www.OpenFOAM.org                      |
|    \\/     M anipulation  |                                                 |
\*---------------------------------------------------------------------------*/
FoamFile
{
    version     2.0;
    format      ascii;
    class       volScalarField;
    location    "1.95";
    object      epsilon_0;
}
// * * * * * * * * * * * * * * * * * * * * * * * * * * * * * * * * * * * * * //

dimensions      [0 2 -3 0 0 0 0];

internalField   nonuniform List<scalar> 
360
(
1.60309e-27
1e-20
1e-20
1e-20
1e-20
1e-20
1e-20
1e-20
1e-20
1e-20
1e-20
1e-20
1e-20
1e-20
1e-20
1e-20
1e-20
1e-20
1e-20
1e-20
1e-20
1e-20
1e-20
1e-20
1e-20
1e-20
1e-20
1e-20
1e-20
1e-20
1e-20
1e-20
1e-20
1e-20
1e-20
1e-20
1e-20
1e-20
1e-20
1e-20
1e-20
1e-20
1e-20
1e-20
1e-20
1e-20
1e-20
1e-20
1e-20
1e-20
1e-20
1e-20
1e-20
1e-20
1e-20
1e-20
1e-20
1e-20
1e-20
1e-20
1e-20
1e-20
1e-20
1e-20
1e-20
1e-20
1e-20
1e-20
1e-20
1e-20
1e-20
1e-20
1e-20
1e-20
1e-20
1e-20
1e-20
1e-20
1e-20
1e-20
1e-20
1e-20
1e-20
1e-20
1e-20
1e-20
1e-20
1e-20
1e-20
1e-20
1e-20
1e-20
1e-20
1e-20
1e-20
1e-20
1e-20
1e-20
1e-20
1e-20
1e-20
1e-20
1e-20
1e-20
1e-20
1e-20
1e-20
1e-20
1e-20
1e-20
1e-20
1e-20
1e-20
1e-20
1e-20
1e-20
1e-20
1e-20
1e-20
1e-20
1e-20
1e-20
1e-20
1e-20
1e-20
1e-20
1e-20
1e-20
1e-20
1e-20
1e-20
1e-20
1e-20
1e-20
1e-20
1e-20
1e-20
1e-20
1e-20
1e-20
1e-20
1e-20
1.63246e-20
1.76873e-19
9.65984e-18
7.20652e-16
6.17389e-14
6.15229e-12
7.21904e-10
1.00642e-07
1.31736e-05
0.000317969
0.0002597
5.87513e-05
7.54714e-06
7.04061e-07
5.32854e-08
3.48315e-09
2.04462e-10
1.16806e-11
7.59809e-13
6.67884e-14
8.12764e-15
1.20851e-15
1.96752e-16
3.41305e-17
6.52359e-18
1.54752e-18
5.28352e-19
2.59797e-19
1.58613e-19
1.07039e-19
7.58188e-20
5.51942e-20
4.09535e-20
3.08147e-20
2.34414e-20
1.80614e-20
1.42468e-20
1.16928e-20
1.02625e-20
1e-20
1e-20
1e-20
1e-20
1e-20
1e-20
1e-20
1e-20
1e-20
1e-20
1e-20
1e-20
1e-20
1e-20
1e-20
1e-20
1e-20
1e-20
1e-20
1e-20
1e-20
1e-20
1e-20
1e-20
1e-20
1e-20
1e-20
1e-20
1e-20
1e-20
1e-20
1e-20
1e-20
1e-20
1e-20
1e-20
1e-20
1e-20
1e-20
1e-20
1e-20
1e-20
1e-20
1e-20
1e-20
1e-20
1e-20
1e-20
1e-20
1e-20
1e-20
1e-20
1e-20
1e-20
1e-20
1e-20
1e-20
1e-20
1e-20
1e-20
1e-20
1e-20
1e-20
1e-20
1e-20
1e-20
1e-20
1e-20
1e-20
1e-20
1e-20
1e-20
1e-20
1e-20
1e-20
1e-20
1e-20
1e-20
1e-20
1e-20
1e-20
1e-20
1e-20
1e-20
1e-20
1e-20
1e-20
1e-20
1e-20
1e-20
1e-20
1e-20
1e-20
1e-20
1e-20
1e-20
1e-20
1e-20
1e-20
1e-20
1e-20
1e-20
1e-20
1e-20
1e-20
1e-20
1e-20
1e-20
1e-20
1e-20
1e-20
1e-20
1e-20
1e-20
1e-20
1e-20
1e-20
1e-20
1e-20
1e-20
1e-20
1e-20
1e-20
1e-20
1e-20
1e-20
1e-20
1e-20
1e-20
1e-20
1e-20
1e-20
1e-20
1e-20
1e-20
1e-20
1e-20
1e-20
1e-20
1e-20
1e-20
1e-20
1e-20
1e-20
1e-20
1e-20
1e-20
1e-20
1e-20
1e-20
1e-20
1e-20
1e-20
1e-20
1e-20
1e-20
1e-20
1e-20
1e-20
1e-20
1e-20
1e-20
1e-20
1e-20
1e-20
1e-20
1e-20
1e-20
1e-20
1e-20
1e-20
1e-20
1e-20
1e-20
1e-20
1e-20
1e-20
1e-20
1e-20
)
;

boundaryField
{
    inandouthalf11
    {
        type            cyclic;
    }
    inandouthalf12
    {
        type            cyclic;
    }
    inandouthalf21
    {
        type            cyclic;
    }
    inandouthalf22
    {
        type            cyclic;
    }
    inandouthalf31
    {
        type            cyclic;
    }
    inandouthalf32
    {
        type            cyclic;
    }
    inandouthalf41
    {
        type            cyclic;
    }
    inandouthalf42
    {
        type            cyclic;
    }
    top
    {
        type            symmetryPlane;
    }
    walls
    {
        type            zeroGradient;
    }
    frontAndBackPlanes
    {
        type            empty;
    }
}


// ************************************************************************* //
