/*--------------------------------*- C++ -*----------------------------------*\
| =========                 |                                                 |
| \\      /  F ield         | OpenFOAM: The Open Source CFD Toolbox           |
|  \\    /   O peration     | Version:  2.4.x                                 |
|   \\  /    A nd           | Web:      www.OpenFOAM.org                      |
|    \\/     M anipulation  |                                                 |
\*---------------------------------------------------------------------------*/
FoamFile
{
    version     2.0;
    format      ascii;
    class       volScalarField;
    location    "1.05";
    object      k;
}
// * * * * * * * * * * * * * * * * * * * * * * * * * * * * * * * * * * * * * //

dimensions      [0 2 -2 0 0 0 0];

internalField   nonuniform List<scalar> 
360
(
1e-20
1e-20
1e-20
1e-20
1e-20
1e-20
1e-20
1e-20
1e-20
1e-20
1e-20
1e-20
1e-20
1e-20
1e-20
1e-20
1e-20
1e-20
1e-20
1e-20
1e-20
1e-20
1e-20
1e-20
1e-20
1e-20
1e-20
1e-20
1e-20
1e-20
1e-20
1e-20
1e-20
1e-20
1e-20
1e-20
1e-20
1e-20
1e-20
1e-20
1e-20
1e-20
1e-20
1e-20
1e-20
1e-20
1e-20
1e-20
1e-20
1e-20
1e-20
1e-20
1e-20
1e-20
1e-20
1e-20
1e-20
1e-20
1e-20
1e-20
1e-20
1e-20
1e-20
1e-20
1e-20
1e-20
1e-20
1e-20
1e-20
1e-20
1e-20
1e-20
1e-20
1e-20
1e-20
1e-20
1e-20
1e-20
1e-20
1e-20
1e-20
1e-20
1e-20
1e-20
1e-20
1e-20
1e-20
1e-20
1e-20
1e-20
1e-20
1e-20
1e-20
1e-20
1e-20
1e-20
1e-20
1e-20
1e-20
1e-20
1e-20
1e-20
1e-20
1e-20
1e-20
1e-20
1e-20
1e-20
1e-20
1e-20
1e-20
1e-20
1e-20
1e-20
1e-20
1e-20
1e-20
1e-20
1e-20
1e-20
1e-20
1e-20
1e-20
1e-20
1e-20
1e-20
1e-20
1e-20
1e-20
1e-20
1e-20
1e-20
1e-20
1e-20
1e-20
1e-20
1e-20
1e-20
1e-20
1e-20
1e-20
1e-20
1e-20
1e-20
1e-20
1e-20
1e-20
1e-20
1e-20
1e-20
1e-20
1.75975e-20
1e-20
1e-20
6.35015e-20
4.44771e-19
9.83325e-19
1.1678e-18
9.7239e-19
6.04569e-19
3.18646e-19
1.53875e-19
7.89034e-20
4.63216e-20
3.23207e-20
2.53552e-20
2.15466e-20
1.90695e-20
1.73829e-20
1.6085e-20
1.50591e-20
1.42019e-20
1.34473e-20
1.2781e-20
1.21377e-20
1.15357e-20
1.09285e-20
1.04079e-20
1.00389e-20
1e-20
1e-20
1e-20
1e-20
1e-20
1e-20
1e-20
1e-20
1e-20
1e-20
1e-20
1e-20
1e-20
1e-20
1e-20
1e-20
1e-20
1e-20
1e-20
1e-20
1e-20
1e-20
1e-20
1e-20
1e-20
1e-20
1e-20
1e-20
1e-20
1e-20
1e-20
1e-20
1e-20
1e-20
1e-20
1e-20
1e-20
1e-20
1e-20
1e-20
1e-20
1e-20
1e-20
1e-20
1e-20
1e-20
1e-20
1e-20
1e-20
1e-20
1e-20
1e-20
1e-20
1e-20
1e-20
1e-20
1e-20
1e-20
1e-20
1e-20
1e-20
1e-20
1e-20
1e-20
1e-20
1e-20
1e-20
1e-20
1e-20
1e-20
1e-20
1e-20
1e-20
1e-20
1e-20
1e-20
1e-20
1e-20
1e-20
1e-20
1e-20
1e-20
1e-20
1e-20
1e-20
1e-20
1e-20
1e-20
1e-20
1e-20
1e-20
1e-20
1e-20
1e-20
1e-20
1e-20
1e-20
1e-20
1e-20
1e-20
1e-20
1e-20
1e-20
1e-20
1e-20
1e-20
1e-20
1e-20
1e-20
1e-20
1e-20
1e-20
1e-20
1e-20
1e-20
1e-20
1e-20
1e-20
1e-20
1e-20
1e-20
1e-20
1e-20
1e-20
1e-20
1e-20
1e-20
1e-20
1e-20
1e-20
1e-20
1e-20
1e-20
1e-20
1e-20
1e-20
1e-20
1e-20
1e-20
1e-20
1e-20
1e-20
1e-20
1e-20
1e-20
1e-20
1e-20
1e-20
1e-20
1e-20
1e-20
1e-20
1e-20
1e-20
1e-20
1e-20
1e-20
1e-20
1e-20
1e-20
1e-20
1e-20
1e-20
1e-20
1e-20
1e-20
1e-20
1e-20
1e-20
1e-20
1e-20
1e-20
1e-20
1e-20
1e-20
1e-20
1e-20
1e-20
1e-20
1e-20
1e-20
)
;

boundaryField
{
    inandouthalf11
    {
        type            cyclic;
    }
    inandouthalf12
    {
        type            cyclic;
    }
    inandouthalf21
    {
        type            cyclic;
    }
    inandouthalf22
    {
        type            cyclic;
    }
    inandouthalf31
    {
        type            cyclic;
    }
    inandouthalf32
    {
        type            cyclic;
    }
    inandouthalf41
    {
        type            cyclic;
    }
    inandouthalf42
    {
        type            cyclic;
    }
    top
    {
        type            symmetryPlane;
    }
    walls
    {
        type            zeroGradient;
    }
    frontAndBackPlanes
    {
        type            empty;
    }
}


// ************************************************************************* //
