/*--------------------------------*- C++ -*----------------------------------*\
| =========                 |                                                 |
| \\      /  F ield         | OpenFOAM: The Open Source CFD Toolbox           |
|  \\    /   O peration     | Version:  2.4.x                                 |
|   \\  /    A nd           | Web:      www.OpenFOAM.org                      |
|    \\/     M anipulation  |                                                 |
\*---------------------------------------------------------------------------*/
FoamFile
{
    version     2.0;
    format      ascii;
    class       volScalarField;
    location    "1.15";
    object      k_0;
}
// * * * * * * * * * * * * * * * * * * * * * * * * * * * * * * * * * * * * * //

dimensions      [0 2 -2 0 0 0 0];

internalField   nonuniform List<scalar> 
360
(
1e-20
1e-20
1e-20
1e-20
1e-20
1e-20
1e-20
1e-20
1e-20
1e-20
1e-20
1e-20
1e-20
1e-20
1e-20
1e-20
1e-20
1e-20
1e-20
1e-20
1e-20
1e-20
1e-20
1e-20
1e-20
1e-20
1e-20
1e-20
1e-20
1e-20
1e-20
1e-20
1e-20
1e-20
1e-20
1e-20
1e-20
1e-20
1e-20
1e-20
1e-20
1e-20
1e-20
1e-20
1e-20
1e-20
1e-20
1e-20
1e-20
1e-20
1e-20
1e-20
1e-20
1e-20
1e-20
1e-20
1e-20
1e-20
1e-20
1e-20
1e-20
1e-20
1e-20
1e-20
1e-20
1e-20
1e-20
1e-20
1e-20
1e-20
1e-20
1e-20
1e-20
1e-20
1e-20
1e-20
1e-20
1e-20
1e-20
1e-20
1e-20
1e-20
1e-20
1e-20
1e-20
1e-20
1e-20
1e-20
1e-20
1e-20
1e-20
1e-20
1e-20
1e-20
1e-20
1e-20
1e-20
1e-20
1e-20
1e-20
1e-20
1e-20
1e-20
1e-20
1e-20
1e-20
1e-20
1e-20
1e-20
1e-20
1e-20
1e-20
1e-20
1e-20
1e-20
1e-20
1e-20
1e-20
1e-20
1e-20
1e-20
1e-20
1e-20
1e-20
1e-20
1e-20
1e-20
1e-20
1e-20
1e-20
1e-20
1e-20
1e-20
1e-20
1e-20
1e-20
1e-20
1e-20
1e-20
1e-20
1e-20
1e-20
1e-20
1e-20
1e-20
1e-20
1e-20
1e-20
1e-20
1e-20
1.15587e-20
1e-20
1e-20
8.10072e-20
9.57507e-19
3.14345e-18
4.63616e-18
4.3478e-18
3.02014e-18
1.63642e-18
7.64114e-19
3.27215e-19
1.47369e-19
7.57238e-20
4.76686e-20
3.46323e-20
2.80812e-20
2.38007e-20
2.11226e-20
1.89611e-20
1.74563e-20
1.60811e-20
1.50503e-20
1.40204e-20
1.31765e-20
1.22842e-20
1.15054e-20
1.07404e-20
1.02096e-20
1e-20
1e-20
1e-20
1e-20
1e-20
1e-20
1e-20
1e-20
1e-20
1e-20
1e-20
1e-20
1e-20
1e-20
1e-20
1e-20
1e-20
1e-20
1e-20
1e-20
1e-20
1e-20
1e-20
1e-20
1e-20
1e-20
1e-20
1e-20
1e-20
1e-20
1e-20
1e-20
1e-20
1e-20
1e-20
1e-20
1e-20
1e-20
1e-20
1e-20
1e-20
1e-20
1e-20
1e-20
1e-20
1e-20
1e-20
1e-20
1e-20
1e-20
1e-20
1e-20
1e-20
1e-20
1e-20
1e-20
1e-20
1e-20
1e-20
1e-20
1e-20
1e-20
1e-20
1e-20
1e-20
1e-20
1e-20
1e-20
1e-20
1e-20
1e-20
1e-20
1e-20
1e-20
1e-20
1e-20
1e-20
1e-20
1e-20
1e-20
1e-20
1e-20
1e-20
1e-20
1e-20
1e-20
1e-20
1e-20
1e-20
1e-20
1e-20
1e-20
1e-20
1e-20
1e-20
1e-20
1e-20
1e-20
1e-20
1e-20
1e-20
1e-20
1e-20
1e-20
1e-20
1e-20
1e-20
1e-20
1e-20
1e-20
1e-20
1e-20
1e-20
1e-20
1e-20
1e-20
1e-20
1e-20
1e-20
1e-20
1e-20
1e-20
1e-20
1e-20
1e-20
1e-20
1e-20
1e-20
1e-20
1e-20
1e-20
1e-20
1e-20
1e-20
1e-20
1e-20
1e-20
1e-20
1e-20
1e-20
1e-20
1e-20
1e-20
1e-20
1e-20
1e-20
1e-20
1e-20
1e-20
1e-20
1e-20
1e-20
1e-20
1e-20
1e-20
1e-20
1e-20
1e-20
1e-20
1e-20
1e-20
1e-20
1e-20
1e-20
1e-20
1e-20
1e-20
1e-20
1e-20
1e-20
1e-20
1e-20
1e-20
1e-20
1e-20
1e-20
1e-20
1e-20
1e-20
1e-20
1e-20
)
;

boundaryField
{
    inandouthalf11
    {
        type            cyclic;
    }
    inandouthalf12
    {
        type            cyclic;
    }
    inandouthalf21
    {
        type            cyclic;
    }
    inandouthalf22
    {
        type            cyclic;
    }
    inandouthalf31
    {
        type            cyclic;
    }
    inandouthalf32
    {
        type            cyclic;
    }
    inandouthalf41
    {
        type            cyclic;
    }
    inandouthalf42
    {
        type            cyclic;
    }
    top
    {
        type            symmetryPlane;
    }
    walls
    {
        type            zeroGradient;
    }
    frontAndBackPlanes
    {
        type            empty;
    }
}


// ************************************************************************* //
