/*--------------------------------*- C++ -*----------------------------------*\
| =========                 |                                                 |
| \\      /  F ield         | OpenFOAM: The Open Source CFD Toolbox           |
|  \\    /   O peration     | Version:  2.4.x                                 |
|   \\  /    A nd           | Web:      www.OpenFOAM.org                      |
|    \\/     M anipulation  |                                                 |
\*---------------------------------------------------------------------------*/
FoamFile
{
    version     2.0;
    format      ascii;
    class       volScalarField;
    location    "2.1";
    object      k_0;
}
// * * * * * * * * * * * * * * * * * * * * * * * * * * * * * * * * * * * * * //

dimensions      [0 2 -2 0 0 0 0];

internalField   nonuniform List<scalar> 
360
(
1e-20
1e-20
1e-20
1e-20
1e-20
1e-20
1e-20
1e-20
1e-20
1e-20
1e-20
1e-20
1e-20
1e-20
1e-20
1e-20
1e-20
1e-20
1e-20
1e-20
1e-20
1e-20
1e-20
1e-20
1e-20
1e-20
1e-20
1e-20
1e-20
1e-20
1e-20
1e-20
1e-20
1e-20
1e-20
1e-20
1e-20
1e-20
1e-20
1e-20
1e-20
1e-20
1e-20
1e-20
1e-20
1e-20
1e-20
1e-20
1e-20
1e-20
1e-20
1e-20
1e-20
1e-20
1e-20
1e-20
1e-20
1e-20
1e-20
1e-20
1e-20
1e-20
1e-20
1e-20
1e-20
1e-20
1e-20
1e-20
1e-20
1e-20
1e-20
1e-20
1e-20
1e-20
1e-20
1e-20
1e-20
1e-20
1e-20
1e-20
1e-20
1e-20
1e-20
1e-20
1e-20
1e-20
1e-20
1e-20
1e-20
1e-20
1e-20
1e-20
1e-20
1e-20
1e-20
1e-20
1e-20
1e-20
1e-20
1e-20
1e-20
1e-20
1e-20
1e-20
1e-20
1e-20
1e-20
1e-20
1e-20
1e-20
1e-20
1e-20
1e-20
1e-20
1e-20
1e-20
1e-20
1e-20
1e-20
1e-20
1e-20
1e-20
1e-20
1e-20
1e-20
1e-20
1e-20
1e-20
1e-20
1e-20
1e-20
1e-20
1e-20
1e-20
1e-20
1e-20
1e-20
1e-20
1e-20
1e-20
1e-20
4.7428e-20
2.12054e-18
1.07003e-16
5.93192e-15
3.61872e-13
2.43689e-11
1.81998e-09
1.517e-07
1.40505e-05
0.000833621
0.00405412
0.00451443
0.00405364
0.00240269
0.000520912
3.85406e-05
2.21026e-06
1.35304e-07
8.0309e-09
4.30345e-10
2.08671e-11
9.60379e-13
4.42325e-14
2.1663e-15
1.30112e-16
1.23773e-17
2.01163e-18
5.07242e-19
2.07074e-19
1.25473e-19
9.08546e-20
6.98337e-20
5.49093e-20
4.36873e-20
3.49727e-20
2.80429e-20
2.2495e-20
1.80988e-20
1.4704e-20
1.22392e-20
1.06671e-20
1.00001e-20
1e-20
1e-20
1e-20
1e-20
1e-20
1e-20
1e-20
1e-20
1e-20
1e-20
1e-20
1e-20
1e-20
1e-20
1e-20
1e-20
1e-20
1e-20
1e-20
1e-20
1e-20
1e-20
1e-20
1e-20
1e-20
1e-20
1e-20
1e-20
1e-20
1e-20
1e-20
1e-20
1e-20
1e-20
1e-20
1e-20
1e-20
1e-20
1e-20
1e-20
1e-20
1e-20
1e-20
1e-20
1e-20
1e-20
1e-20
1e-20
1e-20
1e-20
1e-20
1e-20
1e-20
1e-20
1e-20
1e-20
1e-20
1e-20
1e-20
1e-20
1e-20
1e-20
1e-20
1e-20
1e-20
1e-20
1e-20
1e-20
1e-20
1e-20
1e-20
1e-20
1e-20
1e-20
1e-20
1e-20
1e-20
1e-20
1e-20
1e-20
1e-20
1e-20
1e-20
1e-20
1e-20
1e-20
1e-20
1e-20
1e-20
1e-20
1e-20
1e-20
1e-20
1e-20
1e-20
1e-20
1e-20
1e-20
1e-20
1e-20
1e-20
1e-20
1e-20
1e-20
1e-20
1e-20
1e-20
1e-20
1e-20
1e-20
1e-20
1e-20
1e-20
1e-20
1e-20
1e-20
1e-20
1e-20
1e-20
1e-20
1e-20
1e-20
1e-20
1e-20
1e-20
1e-20
1e-20
1e-20
1e-20
1e-20
1e-20
1e-20
1e-20
1e-20
1e-20
1e-20
1e-20
1e-20
1e-20
1e-20
1e-20
1e-20
1e-20
1e-20
1e-20
1e-20
1e-20
1e-20
1e-20
1e-20
1e-20
1e-20
1e-20
1e-20
1e-20
1e-20
1e-20
1e-20
1e-20
1e-20
1e-20
1e-20
1e-20
1e-20
1e-20
1e-20
1e-20
1e-20
1e-20
1e-20
1e-20
1e-20
1e-20
1e-20
1e-20
1e-20
1e-20
)
;

boundaryField
{
    inandouthalf11
    {
        type            cyclic;
    }
    inandouthalf12
    {
        type            cyclic;
    }
    inandouthalf21
    {
        type            cyclic;
    }
    inandouthalf22
    {
        type            cyclic;
    }
    inandouthalf31
    {
        type            cyclic;
    }
    inandouthalf32
    {
        type            cyclic;
    }
    inandouthalf41
    {
        type            cyclic;
    }
    inandouthalf42
    {
        type            cyclic;
    }
    top
    {
        type            symmetryPlane;
    }
    walls
    {
        type            zeroGradient;
    }
    frontAndBackPlanes
    {
        type            empty;
    }
}


// ************************************************************************* //
