/*--------------------------------*- C++ -*----------------------------------*\
| =========                 |                                                 |
| \\      /  F ield         | OpenFOAM: The Open Source CFD Toolbox           |
|  \\    /   O peration     | Version:  2.1.1                                 |
|   \\  /    A nd           | Web:      www.OpenFOAM.org                      |
|    \\/     M anipulation  |                                                 |
\*---------------------------------------------------------------------------*/
FoamFile
{
    version     2.0;
    format      ascii;
    class       faceList;
    location    "constant/polyMesh";
    object      faces;
}
// * * * * * * * * * * * * * * * * * * * * * * * * * * * * * * * * * * * * * //


3001
(
4(4 5 7 6)
4(8 9 11 10)
4(12 13 15 14)
4(16 17 19 18)
4(20 21 23 22)
4(24 25 27 26)
4(28 29 31 30)
4(32 33 35 34)
4(36 37 39 38)
4(40 41 43 42)
4(44 45 47 46)
4(48 49 51 50)
4(52 53 55 54)
4(56 57 59 58)
4(60 61 63 62)
4(64 65 67 66)
4(68 69 71 70)
4(72 73 75 74)
4(76 77 79 78)
4(80 81 83 82)
4(84 85 87 86)
4(88 89 91 90)
4(92 93 95 94)
4(96 97 99 98)
4(100 101 103 102)
4(104 105 107 106)
4(108 109 111 110)
4(112 113 115 114)
4(116 117 119 118)
4(120 121 123 122)
4(124 125 127 126)
4(128 129 131 130)
4(132 133 135 134)
4(136 137 139 138)
4(140 141 143 142)
4(144 145 147 146)
4(148 149 151 150)
4(152 153 155 154)
4(156 157 159 158)
4(160 161 163 162)
4(164 165 167 166)
4(168 169 171 170)
4(172 173 175 174)
4(176 177 179 178)
4(180 181 183 182)
4(184 185 187 186)
4(188 189 191 190)
4(192 193 195 194)
4(196 197 199 198)
4(200 201 203 202)
4(204 205 207 206)
4(208 209 211 210)
4(212 213 215 214)
4(216 217 219 218)
4(220 221 223 222)
4(224 225 227 226)
4(228 229 231 230)
4(232 233 235 234)
4(236 237 239 238)
4(240 241 243 242)
4(244 245 247 246)
4(248 249 251 250)
4(252 253 255 254)
4(256 257 259 258)
4(260 261 263 262)
4(264 265 267 266)
4(268 269 271 270)
4(272 273 275 274)
4(276 277 279 278)
4(280 281 283 282)
4(284 285 287 286)
4(288 289 291 290)
4(292 293 295 294)
4(296 297 299 298)
4(300 301 303 302)
4(304 305 307 306)
4(308 309 311 310)
4(312 313 315 314)
4(316 317 319 318)
4(320 321 323 322)
4(324 325 327 326)
4(328 329 331 330)
4(332 333 335 334)
4(336 337 339 338)
4(340 341 343 342)
4(344 345 347 346)
4(348 349 351 350)
4(352 353 355 354)
4(356 357 359 358)
4(360 361 363 362)
4(364 365 367 366)
4(368 369 371 370)
4(372 373 375 374)
4(376 377 379 378)
4(380 381 383 382)
4(384 385 387 386)
4(388 389 391 390)
4(392 393 395 394)
4(396 397 399 398)
4(400 401 403 402)
4(404 405 407 406)
4(408 409 411 410)
4(412 413 415 414)
4(416 417 419 418)
4(420 421 423 422)
4(424 425 427 426)
4(428 429 431 430)
4(432 433 435 434)
4(436 437 439 438)
4(440 441 443 442)
4(444 445 447 446)
4(448 449 451 450)
4(452 453 455 454)
4(456 457 459 458)
4(460 461 463 462)
4(464 465 467 466)
4(468 469 471 470)
4(472 473 475 474)
4(476 477 479 478)
4(480 481 483 482)
4(484 485 487 486)
4(488 489 491 490)
4(492 493 495 494)
4(496 497 499 498)
4(500 501 503 502)
4(504 505 507 506)
4(508 509 511 510)
4(512 513 515 514)
4(516 517 519 518)
4(520 521 523 522)
4(524 525 527 526)
4(528 529 531 530)
4(532 533 535 534)
4(536 537 539 538)
4(540 541 543 542)
4(544 545 547 546)
4(548 549 551 550)
4(552 553 555 554)
4(556 557 559 558)
4(560 561 563 562)
4(564 565 567 566)
4(568 569 571 570)
4(572 573 575 574)
4(576 577 579 578)
4(580 581 583 582)
4(584 585 587 586)
4(588 589 591 590)
4(592 593 595 594)
4(596 597 599 598)
4(600 601 603 602)
4(604 605 607 606)
4(608 609 611 610)
4(612 613 615 614)
4(616 617 619 618)
4(620 621 623 622)
4(624 625 627 626)
4(628 629 631 630)
4(632 633 635 634)
4(636 637 639 638)
4(640 641 643 642)
4(644 645 647 646)
4(648 649 651 650)
4(652 653 655 654)
4(656 657 659 658)
4(660 661 663 662)
4(664 665 667 666)
4(668 669 671 670)
4(672 673 675 674)
4(676 677 679 678)
4(680 681 683 682)
4(684 685 687 686)
4(688 689 691 690)
4(692 693 695 694)
4(696 697 699 698)
4(700 701 703 702)
4(704 705 707 706)
4(708 709 711 710)
4(712 713 715 714)
4(716 717 719 718)
4(720 721 723 722)
4(724 725 727 726)
4(728 729 731 730)
4(732 733 735 734)
4(736 737 739 738)
4(740 741 743 742)
4(744 745 747 746)
4(748 749 751 750)
4(752 753 755 754)
4(756 757 759 758)
4(760 761 763 762)
4(764 765 767 766)
4(768 769 771 770)
4(772 773 775 774)
4(776 777 779 778)
4(780 781 783 782)
4(784 785 787 786)
4(788 789 791 790)
4(792 793 795 794)
4(796 797 799 798)
4(800 801 803 802)
4(804 805 807 806)
4(808 809 811 810)
4(812 813 815 814)
4(816 817 819 818)
4(820 821 823 822)
4(824 825 827 826)
4(828 829 831 830)
4(832 833 835 834)
4(836 837 839 838)
4(840 841 843 842)
4(844 845 847 846)
4(848 849 851 850)
4(852 853 855 854)
4(856 857 859 858)
4(860 861 863 862)
4(864 865 867 866)
4(868 869 871 870)
4(872 873 875 874)
4(876 877 879 878)
4(880 881 883 882)
4(884 885 887 886)
4(888 889 891 890)
4(892 893 895 894)
4(896 897 899 898)
4(900 901 903 902)
4(904 905 907 906)
4(908 909 911 910)
4(912 913 915 914)
4(916 917 919 918)
4(920 921 923 922)
4(924 925 927 926)
4(928 929 931 930)
4(932 933 935 934)
4(936 937 939 938)
4(940 941 943 942)
4(944 945 947 946)
4(948 949 951 950)
4(952 953 955 954)
4(956 957 959 958)
4(960 961 963 962)
4(964 965 967 966)
4(968 969 971 970)
4(972 973 975 974)
4(976 977 979 978)
4(980 981 983 982)
4(984 985 987 986)
4(988 989 991 990)
4(992 993 995 994)
4(996 997 999 998)
4(1000 1001 1003 1002)
4(1004 1005 1007 1006)
4(1008 1009 1011 1010)
4(1012 1013 1015 1014)
4(1016 1017 1019 1018)
4(1020 1021 1023 1022)
4(1024 1025 1027 1026)
4(1028 1029 1031 1030)
4(1032 1033 1035 1034)
4(1036 1037 1039 1038)
4(1040 1041 1043 1042)
4(1044 1045 1047 1046)
4(1048 1049 1051 1050)
4(1052 1053 1055 1054)
4(1056 1057 1059 1058)
4(1060 1061 1063 1062)
4(1064 1065 1067 1066)
4(1068 1069 1071 1070)
4(1072 1073 1075 1074)
4(1076 1077 1079 1078)
4(1080 1081 1083 1082)
4(1084 1085 1087 1086)
4(1088 1089 1091 1090)
4(1092 1093 1095 1094)
4(1096 1097 1099 1098)
4(1100 1101 1103 1102)
4(1104 1105 1107 1106)
4(1108 1109 1111 1110)
4(1112 1113 1115 1114)
4(1116 1117 1119 1118)
4(1120 1121 1123 1122)
4(1124 1125 1127 1126)
4(1128 1129 1131 1130)
4(1132 1133 1135 1134)
4(1136 1137 1139 1138)
4(1140 1141 1143 1142)
4(1144 1145 1147 1146)
4(1148 1149 1151 1150)
4(1152 1153 1155 1154)
4(1156 1157 1159 1158)
4(1160 1161 1163 1162)
4(1164 1165 1167 1166)
4(1168 1169 1171 1170)
4(1172 1173 1175 1174)
4(1176 1177 1179 1178)
4(1180 1181 1183 1182)
4(1184 1185 1187 1186)
4(1188 1189 1191 1190)
4(1192 1193 1195 1194)
4(1196 1197 1199 1198)
4(1200 1201 1203 1202)
4(1204 1205 1207 1206)
4(1208 1209 1211 1210)
4(1212 1213 1215 1214)
4(1216 1217 1219 1218)
4(1220 1221 1223 1222)
4(1224 1225 1227 1226)
4(1228 1229 1231 1230)
4(1232 1233 1235 1234)
4(1236 1237 1239 1238)
4(1240 1241 1243 1242)
4(1244 1245 1247 1246)
4(1248 1249 1251 1250)
4(1252 1253 1255 1254)
4(1256 1257 1259 1258)
4(1260 1261 1263 1262)
4(1264 1265 1267 1266)
4(1268 1269 1271 1270)
4(1272 1273 1275 1274)
4(1276 1277 1279 1278)
4(1280 1281 1283 1282)
4(1284 1285 1287 1286)
4(1288 1289 1291 1290)
4(1292 1293 1295 1294)
4(1296 1297 1299 1298)
4(1300 1301 1303 1302)
4(1304 1305 1307 1306)
4(1308 1309 1311 1310)
4(1312 1313 1315 1314)
4(1316 1317 1319 1318)
4(1320 1321 1323 1322)
4(1324 1325 1327 1326)
4(1328 1329 1331 1330)
4(1332 1333 1335 1334)
4(1336 1337 1339 1338)
4(1340 1341 1343 1342)
4(1344 1345 1347 1346)
4(1348 1349 1351 1350)
4(1352 1353 1355 1354)
4(1356 1357 1359 1358)
4(1360 1361 1363 1362)
4(1364 1365 1367 1366)
4(1368 1369 1371 1370)
4(1372 1373 1375 1374)
4(1376 1377 1379 1378)
4(1380 1381 1383 1382)
4(1384 1385 1387 1386)
4(1388 1389 1391 1390)
4(1392 1393 1395 1394)
4(1396 1397 1399 1398)
4(1400 1401 1403 1402)
4(1404 1405 1407 1406)
4(1408 1409 1411 1410)
4(1412 1413 1415 1414)
4(1416 1417 1419 1418)
4(1420 1421 1423 1422)
4(1424 1425 1427 1426)
4(1428 1429 1431 1430)
4(1432 1433 1435 1434)
4(1436 1437 1439 1438)
4(1440 1441 1443 1442)
4(1444 1445 1447 1446)
4(1448 1449 1451 1450)
4(1452 1453 1455 1454)
4(1456 1457 1459 1458)
4(1460 1461 1463 1462)
4(1464 1465 1467 1466)
4(1468 1469 1471 1470)
4(1472 1473 1475 1474)
4(1476 1477 1479 1478)
4(1480 1481 1483 1482)
4(1484 1485 1487 1486)
4(1488 1489 1491 1490)
4(1492 1493 1495 1494)
4(1496 1497 1499 1498)
4(1500 1501 1503 1502)
4(1504 1505 1507 1506)
4(1508 1509 1511 1510)
4(1512 1513 1515 1514)
4(1516 1517 1519 1518)
4(1520 1521 1523 1522)
4(1524 1525 1527 1526)
4(1528 1529 1531 1530)
4(1532 1533 1535 1534)
4(1536 1537 1539 1538)
4(1540 1541 1543 1542)
4(1544 1545 1547 1546)
4(1548 1549 1551 1550)
4(1552 1553 1555 1554)
4(1556 1557 1559 1558)
4(1560 1561 1563 1562)
4(1564 1565 1567 1566)
4(1568 1569 1571 1570)
4(1572 1573 1575 1574)
4(1576 1577 1579 1578)
4(1580 1581 1583 1582)
4(1584 1585 1587 1586)
4(1588 1589 1591 1590)
4(1592 1593 1595 1594)
4(1596 1597 1599 1598)
4(1600 1601 1603 1602)
4(1604 1605 1607 1606)
4(1608 1609 1611 1610)
4(1612 1613 1615 1614)
4(1616 1617 1619 1618)
4(1620 1621 1623 1622)
4(1624 1625 1627 1626)
4(1628 1629 1631 1630)
4(1632 1633 1635 1634)
4(1636 1637 1639 1638)
4(1640 1641 1643 1642)
4(1644 1645 1647 1646)
4(1648 1649 1651 1650)
4(1652 1653 1655 1654)
4(1656 1657 1659 1658)
4(1660 1661 1663 1662)
4(1664 1665 1667 1666)
4(1668 1669 1671 1670)
4(1672 1673 1675 1674)
4(1676 1677 1679 1678)
4(1680 1681 1683 1682)
4(1684 1685 1687 1686)
4(1688 1689 1691 1690)
4(1692 1693 1695 1694)
4(1696 1697 1699 1698)
4(1700 1701 1703 1702)
4(1704 1705 1707 1706)
4(1708 1709 1711 1710)
4(1712 1713 1715 1714)
4(1716 1717 1719 1718)
4(1720 1721 1723 1722)
4(1724 1725 1727 1726)
4(1728 1729 1731 1730)
4(1732 1733 1735 1734)
4(1736 1737 1739 1738)
4(1740 1741 1743 1742)
4(1744 1745 1747 1746)
4(1748 1749 1751 1750)
4(1752 1753 1755 1754)
4(1756 1757 1759 1758)
4(1760 1761 1763 1762)
4(1764 1765 1767 1766)
4(1768 1769 1771 1770)
4(1772 1773 1775 1774)
4(1776 1777 1779 1778)
4(1780 1781 1783 1782)
4(1784 1785 1787 1786)
4(1788 1789 1791 1790)
4(1792 1793 1795 1794)
4(1796 1797 1799 1798)
4(1800 1801 1803 1802)
4(1804 1805 1807 1806)
4(1808 1809 1811 1810)
4(1812 1813 1815 1814)
4(1816 1817 1819 1818)
4(1820 1821 1823 1822)
4(1824 1825 1827 1826)
4(1828 1829 1831 1830)
4(1832 1833 1835 1834)
4(1836 1837 1839 1838)
4(1840 1841 1843 1842)
4(1844 1845 1847 1846)
4(1848 1849 1851 1850)
4(1852 1853 1855 1854)
4(1856 1857 1859 1858)
4(1860 1861 1863 1862)
4(1864 1865 1867 1866)
4(1868 1869 1871 1870)
4(1872 1873 1875 1874)
4(1876 1877 1879 1878)
4(1880 1881 1883 1882)
4(1884 1885 1887 1886)
4(1888 1889 1891 1890)
4(1892 1893 1895 1894)
4(1896 1897 1899 1898)
4(1900 1901 1903 1902)
4(1904 1905 1907 1906)
4(1908 1909 1911 1910)
4(1912 1913 1915 1914)
4(1916 1917 1919 1918)
4(1920 1921 1923 1922)
4(1924 1925 1927 1926)
4(1928 1929 1931 1930)
4(1932 1933 1935 1934)
4(1936 1937 1939 1938)
4(1940 1941 1943 1942)
4(1944 1945 1947 1946)
4(1948 1949 1951 1950)
4(1952 1953 1955 1954)
4(1956 1957 1959 1958)
4(1960 1961 1963 1962)
4(1964 1965 1967 1966)
4(1968 1969 1971 1970)
4(1972 1973 1975 1974)
4(1976 1977 1979 1978)
4(1980 1981 1983 1982)
4(1984 1985 1987 1986)
4(1988 1989 1991 1990)
4(1992 1993 1995 1994)
4(1996 1997 1999 1998)
4(2000 2001 2003 2002)
4(2004 2005 2007 2006)
4(2008 2009 2011 2010)
4(2012 2013 2015 2014)
4(2016 2017 2019 2018)
4(2020 2021 2023 2022)
4(2024 2025 2027 2026)
4(2028 2029 2031 2030)
4(2032 2033 2035 2034)
4(2036 2037 2039 2038)
4(2040 2041 2043 2042)
4(2044 2045 2047 2046)
4(2048 2049 2051 2050)
4(2052 2053 2055 2054)
4(2056 2057 2059 2058)
4(2060 2061 2063 2062)
4(2064 2065 2067 2066)
4(2068 2069 2071 2070)
4(2072 2073 2075 2074)
4(2076 2077 2079 2078)
4(2080 2081 2083 2082)
4(2084 2085 2087 2086)
4(2088 2089 2091 2090)
4(2092 2093 2095 2094)
4(2096 2097 2099 2098)
4(2100 2101 2103 2102)
4(2104 2105 2107 2106)
4(2108 2109 2111 2110)
4(2112 2113 2115 2114)
4(2116 2117 2119 2118)
4(2120 2121 2123 2122)
4(2124 2125 2127 2126)
4(2128 2129 2131 2130)
4(2132 2133 2135 2134)
4(2136 2137 2139 2138)
4(2140 2141 2143 2142)
4(2144 2145 2147 2146)
4(2148 2149 2151 2150)
4(2152 2153 2155 2154)
4(2156 2157 2159 2158)
4(2160 2161 2163 2162)
4(2164 2165 2167 2166)
4(2168 2169 2171 2170)
4(2172 2173 2175 2174)
4(2176 2177 2179 2178)
4(2180 2181 2183 2182)
4(2184 2185 2187 2186)
4(2188 2189 2191 2190)
4(2192 2193 2195 2194)
4(2196 2197 2199 2198)
4(2200 2201 2203 2202)
4(2204 2205 2207 2206)
4(2208 2209 2211 2210)
4(2212 2213 2215 2214)
4(2216 2217 2219 2218)
4(2220 2221 2223 2222)
4(2224 2225 2227 2226)
4(2228 2229 2231 2230)
4(2232 2233 2235 2234)
4(2236 2237 2239 2238)
4(2240 2241 2243 2242)
4(2244 2245 2247 2246)
4(2248 2249 2251 2250)
4(2252 2253 2255 2254)
4(2256 2257 2259 2258)
4(2260 2261 2263 2262)
4(2264 2265 2267 2266)
4(2268 2269 2271 2270)
4(2272 2273 2275 2274)
4(2276 2277 2279 2278)
4(2280 2281 2283 2282)
4(2284 2285 2287 2286)
4(2288 2289 2291 2290)
4(2292 2293 2295 2294)
4(2296 2297 2299 2298)
4(2300 2301 2303 2302)
4(2304 2305 2307 2306)
4(2308 2309 2311 2310)
4(2312 2313 2315 2314)
4(2316 2317 2319 2318)
4(2320 2321 2323 2322)
4(2324 2325 2327 2326)
4(2328 2329 2331 2330)
4(2332 2333 2335 2334)
4(2336 2337 2339 2338)
4(2340 2341 2343 2342)
4(2344 2345 2347 2346)
4(2348 2349 2351 2350)
4(2352 2353 2355 2354)
4(2356 2357 2359 2358)
4(2360 2361 2363 2362)
4(2364 2365 2367 2366)
4(2368 2369 2371 2370)
4(2372 2373 2375 2374)
4(2376 2377 2379 2378)
4(2380 2381 2383 2382)
4(2384 2385 2387 2386)
4(2388 2389 2391 2390)
4(2392 2393 2395 2394)
4(2396 2397 2399 2398)
4(0 4 6 2)
4(4 8 10 6)
4(8 12 14 10)
4(12 16 18 14)
4(16 20 22 18)
4(20 24 26 22)
4(24 28 30 26)
4(28 32 34 30)
4(32 36 38 34)
4(36 40 42 38)
4(40 44 46 42)
4(44 48 50 46)
4(48 52 54 50)
4(52 56 58 54)
4(56 60 62 58)
4(60 64 66 62)
4(64 68 70 66)
4(68 72 74 70)
4(72 76 78 74)
4(76 80 82 78)
4(80 84 86 82)
4(84 88 90 86)
4(88 92 94 90)
4(92 96 98 94)
4(96 100 102 98)
4(100 104 106 102)
4(104 108 110 106)
4(108 112 114 110)
4(112 116 118 114)
4(116 120 122 118)
4(120 124 126 122)
4(124 128 130 126)
4(128 132 134 130)
4(132 136 138 134)
4(136 140 142 138)
4(140 144 146 142)
4(144 148 150 146)
4(148 152 154 150)
4(152 156 158 154)
4(156 160 162 158)
4(160 164 166 162)
4(164 168 170 166)
4(168 172 174 170)
4(172 176 178 174)
4(176 180 182 178)
4(180 184 186 182)
4(184 188 190 186)
4(188 192 194 190)
4(192 196 198 194)
4(196 200 202 198)
4(200 204 206 202)
4(204 208 210 206)
4(208 212 214 210)
4(212 216 218 214)
4(216 220 222 218)
4(220 224 226 222)
4(224 228 230 226)
4(228 232 234 230)
4(232 236 238 234)
4(236 240 242 238)
4(240 244 246 242)
4(244 248 250 246)
4(248 252 254 250)
4(252 256 258 254)
4(256 260 262 258)
4(260 264 266 262)
4(264 268 270 266)
4(268 272 274 270)
4(272 276 278 274)
4(276 280 282 278)
4(280 284 286 282)
4(284 288 290 286)
4(288 292 294 290)
4(292 296 298 294)
4(296 300 302 298)
4(300 304 306 302)
4(304 308 310 306)
4(308 312 314 310)
4(312 316 318 314)
4(316 320 322 318)
4(320 324 326 322)
4(324 328 330 326)
4(328 332 334 330)
4(332 336 338 334)
4(336 340 342 338)
4(340 344 346 342)
4(344 348 350 346)
4(348 352 354 350)
4(352 356 358 354)
4(356 360 362 358)
4(360 364 366 362)
4(364 368 370 366)
4(368 372 374 370)
4(372 376 378 374)
4(376 380 382 378)
4(380 384 386 382)
4(384 388 390 386)
4(388 392 394 390)
4(392 396 398 394)
4(396 400 402 398)
4(400 404 406 402)
4(404 408 410 406)
4(408 412 414 410)
4(412 416 418 414)
4(416 420 422 418)
4(420 424 426 422)
4(424 428 430 426)
4(428 432 434 430)
4(432 436 438 434)
4(436 440 442 438)
4(440 444 446 442)
4(444 448 450 446)
4(448 452 454 450)
4(452 456 458 454)
4(456 460 462 458)
4(460 464 466 462)
4(464 468 470 466)
4(468 472 474 470)
4(472 476 478 474)
4(476 480 482 478)
4(480 484 486 482)
4(484 488 490 486)
4(488 492 494 490)
4(492 496 498 494)
4(496 500 502 498)
4(500 504 506 502)
4(504 508 510 506)
4(508 512 514 510)
4(512 516 518 514)
4(516 520 522 518)
4(520 524 526 522)
4(524 528 530 526)
4(528 532 534 530)
4(532 536 538 534)
4(536 540 542 538)
4(540 544 546 542)
4(544 548 550 546)
4(548 552 554 550)
4(552 556 558 554)
4(556 560 562 558)
4(560 564 566 562)
4(564 568 570 566)
4(568 572 574 570)
4(572 576 578 574)
4(576 580 582 578)
4(580 584 586 582)
4(584 588 590 586)
4(588 592 594 590)
4(592 596 598 594)
4(596 600 602 598)
4(600 604 606 602)
4(604 608 610 606)
4(608 612 614 610)
4(612 616 618 614)
4(616 620 622 618)
4(620 624 626 622)
4(624 628 630 626)
4(628 632 634 630)
4(632 636 638 634)
4(636 640 642 638)
4(640 644 646 642)
4(644 648 650 646)
4(648 652 654 650)
4(652 656 658 654)
4(656 660 662 658)
4(660 664 666 662)
4(664 668 670 666)
4(668 672 674 670)
4(672 676 678 674)
4(676 680 682 678)
4(680 684 686 682)
4(684 688 690 686)
4(688 692 694 690)
4(692 696 698 694)
4(696 700 702 698)
4(700 704 706 702)
4(704 708 710 706)
4(708 712 714 710)
4(712 716 718 714)
4(716 720 722 718)
4(720 724 726 722)
4(724 728 730 726)
4(728 732 734 730)
4(732 736 738 734)
4(736 740 742 738)
4(740 744 746 742)
4(744 748 750 746)
4(748 752 754 750)
4(752 756 758 754)
4(756 760 762 758)
4(760 764 766 762)
4(764 768 770 766)
4(768 772 774 770)
4(772 776 778 774)
4(776 780 782 778)
4(780 784 786 782)
4(784 788 790 786)
4(788 792 794 790)
4(792 796 798 794)
4(796 800 802 798)
4(800 804 806 802)
4(804 808 810 806)
4(808 812 814 810)
4(812 816 818 814)
4(816 820 822 818)
4(820 824 826 822)
4(824 828 830 826)
4(828 832 834 830)
4(832 836 838 834)
4(836 840 842 838)
4(840 844 846 842)
4(844 848 850 846)
4(848 852 854 850)
4(852 856 858 854)
4(856 860 862 858)
4(860 864 866 862)
4(864 868 870 866)
4(868 872 874 870)
4(872 876 878 874)
4(876 880 882 878)
4(880 884 886 882)
4(884 888 890 886)
4(888 892 894 890)
4(892 896 898 894)
4(896 900 902 898)
4(900 904 906 902)
4(904 908 910 906)
4(908 912 914 910)
4(912 916 918 914)
4(916 920 922 918)
4(920 924 926 922)
4(924 928 930 926)
4(928 932 934 930)
4(932 936 938 934)
4(936 940 942 938)
4(940 944 946 942)
4(944 948 950 946)
4(948 952 954 950)
4(952 956 958 954)
4(956 960 962 958)
4(960 964 966 962)
4(964 968 970 966)
4(968 972 974 970)
4(972 976 978 974)
4(976 980 982 978)
4(980 984 986 982)
4(984 988 990 986)
4(988 992 994 990)
4(992 996 998 994)
4(996 1000 1002 998)
4(1000 1004 1006 1002)
4(1004 1008 1010 1006)
4(1008 1012 1014 1010)
4(1012 1016 1018 1014)
4(1016 1020 1022 1018)
4(1020 1024 1026 1022)
4(1024 1028 1030 1026)
4(1028 1032 1034 1030)
4(1032 1036 1038 1034)
4(1036 1040 1042 1038)
4(1040 1044 1046 1042)
4(1044 1048 1050 1046)
4(1048 1052 1054 1050)
4(1052 1056 1058 1054)
4(1056 1060 1062 1058)
4(1060 1064 1066 1062)
4(1064 1068 1070 1066)
4(1068 1072 1074 1070)
4(1072 1076 1078 1074)
4(1076 1080 1082 1078)
4(1080 1084 1086 1082)
4(1084 1088 1090 1086)
4(1088 1092 1094 1090)
4(1092 1096 1098 1094)
4(1096 1100 1102 1098)
4(1100 1104 1106 1102)
4(1104 1108 1110 1106)
4(1108 1112 1114 1110)
4(1112 1116 1118 1114)
4(1116 1120 1122 1118)
4(1120 1124 1126 1122)
4(1124 1128 1130 1126)
4(1128 1132 1134 1130)
4(1132 1136 1138 1134)
4(1136 1140 1142 1138)
4(1140 1144 1146 1142)
4(1144 1148 1150 1146)
4(1148 1152 1154 1150)
4(1152 1156 1158 1154)
4(1156 1160 1162 1158)
4(1160 1164 1166 1162)
4(1164 1168 1170 1166)
4(1168 1172 1174 1170)
4(1172 1176 1178 1174)
4(1176 1180 1182 1178)
4(1180 1184 1186 1182)
4(1184 1188 1190 1186)
4(1188 1192 1194 1190)
4(1192 1196 1198 1194)
4(1196 1200 1202 1198)
4(1 3 7 5)
4(5 7 11 9)
4(9 11 15 13)
4(13 15 19 17)
4(17 19 23 21)
4(21 23 27 25)
4(25 27 31 29)
4(29 31 35 33)
4(33 35 39 37)
4(37 39 43 41)
4(41 43 47 45)
4(45 47 51 49)
4(49 51 55 53)
4(53 55 59 57)
4(57 59 63 61)
4(61 63 67 65)
4(65 67 71 69)
4(69 71 75 73)
4(73 75 79 77)
4(77 79 83 81)
4(81 83 87 85)
4(85 87 91 89)
4(89 91 95 93)
4(93 95 99 97)
4(97 99 103 101)
4(101 103 107 105)
4(105 107 111 109)
4(109 111 115 113)
4(113 115 119 117)
4(117 119 123 121)
4(121 123 127 125)
4(125 127 131 129)
4(129 131 135 133)
4(133 135 139 137)
4(137 139 143 141)
4(141 143 147 145)
4(145 147 151 149)
4(149 151 155 153)
4(153 155 159 157)
4(157 159 163 161)
4(161 163 167 165)
4(165 167 171 169)
4(169 171 175 173)
4(173 175 179 177)
4(177 179 183 181)
4(181 183 187 185)
4(185 187 191 189)
4(189 191 195 193)
4(193 195 199 197)
4(197 199 203 201)
4(201 203 207 205)
4(205 207 211 209)
4(209 211 215 213)
4(213 215 219 217)
4(217 219 223 221)
4(221 223 227 225)
4(225 227 231 229)
4(229 231 235 233)
4(233 235 239 237)
4(237 239 243 241)
4(241 243 247 245)
4(245 247 251 249)
4(249 251 255 253)
4(253 255 259 257)
4(257 259 263 261)
4(261 263 267 265)
4(265 267 271 269)
4(269 271 275 273)
4(273 275 279 277)
4(277 279 283 281)
4(281 283 287 285)
4(285 287 291 289)
4(289 291 295 293)
4(293 295 299 297)
4(297 299 303 301)
4(301 303 307 305)
4(305 307 311 309)
4(309 311 315 313)
4(313 315 319 317)
4(317 319 323 321)
4(321 323 327 325)
4(325 327 331 329)
4(329 331 335 333)
4(333 335 339 337)
4(337 339 343 341)
4(341 343 347 345)
4(345 347 351 349)
4(349 351 355 353)
4(353 355 359 357)
4(357 359 363 361)
4(361 363 367 365)
4(365 367 371 369)
4(369 371 375 373)
4(373 375 379 377)
4(377 379 383 381)
4(381 383 387 385)
4(385 387 391 389)
4(389 391 395 393)
4(393 395 399 397)
4(397 399 403 401)
4(401 403 407 405)
4(405 407 411 409)
4(409 411 415 413)
4(413 415 419 417)
4(417 419 423 421)
4(421 423 427 425)
4(425 427 431 429)
4(429 431 435 433)
4(433 435 439 437)
4(437 439 443 441)
4(441 443 447 445)
4(445 447 451 449)
4(449 451 455 453)
4(453 455 459 457)
4(457 459 463 461)
4(461 463 467 465)
4(465 467 471 469)
4(469 471 475 473)
4(473 475 479 477)
4(477 479 483 481)
4(481 483 487 485)
4(485 487 491 489)
4(489 491 495 493)
4(493 495 499 497)
4(497 499 503 501)
4(501 503 507 505)
4(505 507 511 509)
4(509 511 515 513)
4(513 515 519 517)
4(517 519 523 521)
4(521 523 527 525)
4(525 527 531 529)
4(529 531 535 533)
4(533 535 539 537)
4(537 539 543 541)
4(541 543 547 545)
4(545 547 551 549)
4(549 551 555 553)
4(553 555 559 557)
4(557 559 563 561)
4(561 563 567 565)
4(565 567 571 569)
4(569 571 575 573)
4(573 575 579 577)
4(577 579 583 581)
4(581 583 587 585)
4(585 587 591 589)
4(589 591 595 593)
4(593 595 599 597)
4(597 599 603 601)
4(601 603 607 605)
4(605 607 611 609)
4(609 611 615 613)
4(613 615 619 617)
4(617 619 623 621)
4(621 623 627 625)
4(625 627 631 629)
4(629 631 635 633)
4(633 635 639 637)
4(637 639 643 641)
4(641 643 647 645)
4(645 647 651 649)
4(649 651 655 653)
4(653 655 659 657)
4(657 659 663 661)
4(661 663 667 665)
4(665 667 671 669)
4(669 671 675 673)
4(673 675 679 677)
4(677 679 683 681)
4(681 683 687 685)
4(685 687 691 689)
4(689 691 695 693)
4(693 695 699 697)
4(697 699 703 701)
4(701 703 707 705)
4(705 707 711 709)
4(709 711 715 713)
4(713 715 719 717)
4(717 719 723 721)
4(721 723 727 725)
4(725 727 731 729)
4(729 731 735 733)
4(733 735 739 737)
4(737 739 743 741)
4(741 743 747 745)
4(745 747 751 749)
4(749 751 755 753)
4(753 755 759 757)
4(757 759 763 761)
4(761 763 767 765)
4(765 767 771 769)
4(769 771 775 773)
4(773 775 779 777)
4(777 779 783 781)
4(781 783 787 785)
4(785 787 791 789)
4(789 791 795 793)
4(793 795 799 797)
4(797 799 803 801)
4(801 803 807 805)
4(805 807 811 809)
4(809 811 815 813)
4(813 815 819 817)
4(817 819 823 821)
4(821 823 827 825)
4(825 827 831 829)
4(829 831 835 833)
4(833 835 839 837)
4(837 839 843 841)
4(841 843 847 845)
4(845 847 851 849)
4(849 851 855 853)
4(853 855 859 857)
4(857 859 863 861)
4(861 863 867 865)
4(865 867 871 869)
4(869 871 875 873)
4(873 875 879 877)
4(877 879 883 881)
4(881 883 887 885)
4(885 887 891 889)
4(889 891 895 893)
4(893 895 899 897)
4(897 899 903 901)
4(901 903 907 905)
4(905 907 911 909)
4(909 911 915 913)
4(913 915 919 917)
4(917 919 923 921)
4(921 923 927 925)
4(925 927 931 929)
4(929 931 935 933)
4(933 935 939 937)
4(937 939 943 941)
4(941 943 947 945)
4(945 947 951 949)
4(949 951 955 953)
4(953 955 959 957)
4(957 959 963 961)
4(961 963 967 965)
4(965 967 971 969)
4(969 971 975 973)
4(973 975 979 977)
4(977 979 983 981)
4(981 983 987 985)
4(985 987 991 989)
4(989 991 995 993)
4(993 995 999 997)
4(997 999 1003 1001)
4(1001 1003 1007 1005)
4(1005 1007 1011 1009)
4(1009 1011 1015 1013)
4(1013 1015 1019 1017)
4(1017 1019 1023 1021)
4(1021 1023 1027 1025)
4(1025 1027 1031 1029)
4(1029 1031 1035 1033)
4(1033 1035 1039 1037)
4(1037 1039 1043 1041)
4(1041 1043 1047 1045)
4(1045 1047 1051 1049)
4(1049 1051 1055 1053)
4(1053 1055 1059 1057)
4(1057 1059 1063 1061)
4(1061 1063 1067 1065)
4(1065 1067 1071 1069)
4(1069 1071 1075 1073)
4(1073 1075 1079 1077)
4(1077 1079 1083 1081)
4(1081 1083 1087 1085)
4(1085 1087 1091 1089)
4(1089 1091 1095 1093)
4(1093 1095 1099 1097)
4(1097 1099 1103 1101)
4(1101 1103 1107 1105)
4(1105 1107 1111 1109)
4(1109 1111 1115 1113)
4(1113 1115 1119 1117)
4(1117 1119 1123 1121)
4(1121 1123 1127 1125)
4(1125 1127 1131 1129)
4(1129 1131 1135 1133)
4(1133 1135 1139 1137)
4(1137 1139 1143 1141)
4(1141 1143 1147 1145)
4(1145 1147 1151 1149)
4(1149 1151 1155 1153)
4(1153 1155 1159 1157)
4(1157 1159 1163 1161)
4(1161 1163 1167 1165)
4(1165 1167 1171 1169)
4(1169 1171 1175 1173)
4(1173 1175 1179 1177)
4(1177 1179 1183 1181)
4(1181 1183 1187 1185)
4(1185 1187 1191 1189)
4(1189 1191 1195 1193)
4(1193 1195 1199 1197)
4(1197 1199 1203 1201)
4(1200 1204 1206 1202)
4(1204 1208 1210 1206)
4(1208 1212 1214 1210)
4(1212 1216 1218 1214)
4(1216 1220 1222 1218)
4(1220 1224 1226 1222)
4(1224 1228 1230 1226)
4(1228 1232 1234 1230)
4(1232 1236 1238 1234)
4(1236 1240 1242 1238)
4(1240 1244 1246 1242)
4(1244 1248 1250 1246)
4(1248 1252 1254 1250)
4(1252 1256 1258 1254)
4(1256 1260 1262 1258)
4(1260 1264 1266 1262)
4(1264 1268 1270 1266)
4(1268 1272 1274 1270)
4(1272 1276 1278 1274)
4(1276 1280 1282 1278)
4(1280 1284 1286 1282)
4(1284 1288 1290 1286)
4(1288 1292 1294 1290)
4(1292 1296 1298 1294)
4(1296 1300 1302 1298)
4(1300 1304 1306 1302)
4(1304 1308 1310 1306)
4(1308 1312 1314 1310)
4(1312 1316 1318 1314)
4(1316 1320 1322 1318)
4(1320 1324 1326 1322)
4(1324 1328 1330 1326)
4(1328 1332 1334 1330)
4(1332 1336 1338 1334)
4(1336 1340 1342 1338)
4(1340 1344 1346 1342)
4(1344 1348 1350 1346)
4(1348 1352 1354 1350)
4(1352 1356 1358 1354)
4(1356 1360 1362 1358)
4(1360 1364 1366 1362)
4(1364 1368 1370 1366)
4(1368 1372 1374 1370)
4(1372 1376 1378 1374)
4(1376 1380 1382 1378)
4(1380 1384 1386 1382)
4(1384 1388 1390 1386)
4(1388 1392 1394 1390)
4(1392 1396 1398 1394)
4(1396 1400 1402 1398)
4(1400 1404 1406 1402)
4(1404 1408 1410 1406)
4(1408 1412 1414 1410)
4(1412 1416 1418 1414)
4(1416 1420 1422 1418)
4(1420 1424 1426 1422)
4(1424 1428 1430 1426)
4(1428 1432 1434 1430)
4(1432 1436 1438 1434)
4(1436 1440 1442 1438)
4(1440 1444 1446 1442)
4(1444 1448 1450 1446)
4(1448 1452 1454 1450)
4(1452 1456 1458 1454)
4(1456 1460 1462 1458)
4(1460 1464 1466 1462)
4(1464 1468 1470 1466)
4(1468 1472 1474 1470)
4(1472 1476 1478 1474)
4(1476 1480 1482 1478)
4(1480 1484 1486 1482)
4(1484 1488 1490 1486)
4(1488 1492 1494 1490)
4(1492 1496 1498 1494)
4(1496 1500 1502 1498)
4(1500 1504 1506 1502)
4(1504 1508 1510 1506)
4(1508 1512 1514 1510)
4(1512 1516 1518 1514)
4(1516 1520 1522 1518)
4(1520 1524 1526 1522)
4(1524 1528 1530 1526)
4(1528 1532 1534 1530)
4(1532 1536 1538 1534)
4(1536 1540 1542 1538)
4(1540 1544 1546 1542)
4(1544 1548 1550 1546)
4(1548 1552 1554 1550)
4(1552 1556 1558 1554)
4(1556 1560 1562 1558)
4(1560 1564 1566 1562)
4(1564 1568 1570 1566)
4(1568 1572 1574 1570)
4(1572 1576 1578 1574)
4(1576 1580 1582 1578)
4(1580 1584 1586 1582)
4(1584 1588 1590 1586)
4(1588 1592 1594 1590)
4(1592 1596 1598 1594)
4(1596 1600 1602 1598)
4(1600 1604 1606 1602)
4(1604 1608 1610 1606)
4(1608 1612 1614 1610)
4(1612 1616 1618 1614)
4(1616 1620 1622 1618)
4(1620 1624 1626 1622)
4(1624 1628 1630 1626)
4(1628 1632 1634 1630)
4(1632 1636 1638 1634)
4(1636 1640 1642 1638)
4(1640 1644 1646 1642)
4(1644 1648 1650 1646)
4(1648 1652 1654 1650)
4(1652 1656 1658 1654)
4(1656 1660 1662 1658)
4(1660 1664 1666 1662)
4(1664 1668 1670 1666)
4(1668 1672 1674 1670)
4(1672 1676 1678 1674)
4(1676 1680 1682 1678)
4(1680 1684 1686 1682)
4(1684 1688 1690 1686)
4(1688 1692 1694 1690)
4(1692 1696 1698 1694)
4(1696 1700 1702 1698)
4(1700 1704 1706 1702)
4(1704 1708 1710 1706)
4(1708 1712 1714 1710)
4(1712 1716 1718 1714)
4(1716 1720 1722 1718)
4(1720 1724 1726 1722)
4(1724 1728 1730 1726)
4(1728 1732 1734 1730)
4(1732 1736 1738 1734)
4(1736 1740 1742 1738)
4(1740 1744 1746 1742)
4(1744 1748 1750 1746)
4(1748 1752 1754 1750)
4(1752 1756 1758 1754)
4(1756 1760 1762 1758)
4(1760 1764 1766 1762)
4(1764 1768 1770 1766)
4(1768 1772 1774 1770)
4(1772 1776 1778 1774)
4(1776 1780 1782 1778)
4(1780 1784 1786 1782)
4(1784 1788 1790 1786)
4(1788 1792 1794 1790)
4(1792 1796 1798 1794)
4(1796 1800 1802 1798)
4(1800 1804 1806 1802)
4(1804 1808 1810 1806)
4(1808 1812 1814 1810)
4(1812 1816 1818 1814)
4(1816 1820 1822 1818)
4(1820 1824 1826 1822)
4(1824 1828 1830 1826)
4(1828 1832 1834 1830)
4(1832 1836 1838 1834)
4(1836 1840 1842 1838)
4(1840 1844 1846 1842)
4(1844 1848 1850 1846)
4(1848 1852 1854 1850)
4(1852 1856 1858 1854)
4(1856 1860 1862 1858)
4(1860 1864 1866 1862)
4(1864 1868 1870 1866)
4(1868 1872 1874 1870)
4(1872 1876 1878 1874)
4(1876 1880 1882 1878)
4(1880 1884 1886 1882)
4(1884 1888 1890 1886)
4(1888 1892 1894 1890)
4(1892 1896 1898 1894)
4(1896 1900 1902 1898)
4(1900 1904 1906 1902)
4(1904 1908 1910 1906)
4(1908 1912 1914 1910)
4(1912 1916 1918 1914)
4(1916 1920 1922 1918)
4(1920 1924 1926 1922)
4(1924 1928 1930 1926)
4(1928 1932 1934 1930)
4(1932 1936 1938 1934)
4(1936 1940 1942 1938)
4(1940 1944 1946 1942)
4(1944 1948 1950 1946)
4(1948 1952 1954 1950)
4(1952 1956 1958 1954)
4(1956 1960 1962 1958)
4(1960 1964 1966 1962)
4(1964 1968 1970 1966)
4(1968 1972 1974 1970)
4(1972 1976 1978 1974)
4(1976 1980 1982 1978)
4(1980 1984 1986 1982)
4(1984 1988 1990 1986)
4(1988 1992 1994 1990)
4(1992 1996 1998 1994)
4(1996 2000 2002 1998)
4(2000 2004 2006 2002)
4(2004 2008 2010 2006)
4(2008 2012 2014 2010)
4(2012 2016 2018 2014)
4(2016 2020 2022 2018)
4(2020 2024 2026 2022)
4(2024 2028 2030 2026)
4(2028 2032 2034 2030)
4(2032 2036 2038 2034)
4(2036 2040 2042 2038)
4(2040 2044 2046 2042)
4(2044 2048 2050 2046)
4(2048 2052 2054 2050)
4(2052 2056 2058 2054)
4(2056 2060 2062 2058)
4(2060 2064 2066 2062)
4(2064 2068 2070 2066)
4(2068 2072 2074 2070)
4(2072 2076 2078 2074)
4(2076 2080 2082 2078)
4(2080 2084 2086 2082)
4(2084 2088 2090 2086)
4(2088 2092 2094 2090)
4(2092 2096 2098 2094)
4(2096 2100 2102 2098)
4(2100 2104 2106 2102)
4(2104 2108 2110 2106)
4(2108 2112 2114 2110)
4(2112 2116 2118 2114)
4(2116 2120 2122 2118)
4(2120 2124 2126 2122)
4(2124 2128 2130 2126)
4(2128 2132 2134 2130)
4(2132 2136 2138 2134)
4(2136 2140 2142 2138)
4(2140 2144 2146 2142)
4(2144 2148 2150 2146)
4(2148 2152 2154 2150)
4(2152 2156 2158 2154)
4(2156 2160 2162 2158)
4(2160 2164 2166 2162)
4(2164 2168 2170 2166)
4(2168 2172 2174 2170)
4(2172 2176 2178 2174)
4(2176 2180 2182 2178)
4(2180 2184 2186 2182)
4(2184 2188 2190 2186)
4(2188 2192 2194 2190)
4(2192 2196 2198 2194)
4(2196 2200 2202 2198)
4(2200 2204 2206 2202)
4(2204 2208 2210 2206)
4(2208 2212 2214 2210)
4(2212 2216 2218 2214)
4(2216 2220 2222 2218)
4(2220 2224 2226 2222)
4(2224 2228 2230 2226)
4(2228 2232 2234 2230)
4(2232 2236 2238 2234)
4(2236 2240 2242 2238)
4(2240 2244 2246 2242)
4(2244 2248 2250 2246)
4(2248 2252 2254 2250)
4(2252 2256 2258 2254)
4(2256 2260 2262 2258)
4(2260 2264 2266 2262)
4(2264 2268 2270 2266)
4(2268 2272 2274 2270)
4(2272 2276 2278 2274)
4(2276 2280 2282 2278)
4(2280 2284 2286 2282)
4(2284 2288 2290 2286)
4(2288 2292 2294 2290)
4(2292 2296 2298 2294)
4(2296 2300 2302 2298)
4(2300 2304 2306 2302)
4(2304 2308 2310 2306)
4(2308 2312 2314 2310)
4(2312 2316 2318 2314)
4(2316 2320 2322 2318)
4(2320 2324 2326 2322)
4(2324 2328 2330 2326)
4(2328 2332 2334 2330)
4(2332 2336 2338 2334)
4(2336 2340 2342 2338)
4(2340 2344 2346 2342)
4(2344 2348 2350 2346)
4(2348 2352 2354 2350)
4(2352 2356 2358 2354)
4(2356 2360 2362 2358)
4(2360 2364 2366 2362)
4(2364 2368 2370 2366)
4(2368 2372 2374 2370)
4(2372 2376 2378 2374)
4(2376 2380 2382 2378)
4(2380 2384 2386 2382)
4(2384 2388 2390 2386)
4(2388 2392 2394 2390)
4(2392 2396 2398 2394)
4(2396 2400 2402 2398)
4(1201 1203 1207 1205)
4(1205 1207 1211 1209)
4(1209 1211 1215 1213)
4(1213 1215 1219 1217)
4(1217 1219 1223 1221)
4(1221 1223 1227 1225)
4(1225 1227 1231 1229)
4(1229 1231 1235 1233)
4(1233 1235 1239 1237)
4(1237 1239 1243 1241)
4(1241 1243 1247 1245)
4(1245 1247 1251 1249)
4(1249 1251 1255 1253)
4(1253 1255 1259 1257)
4(1257 1259 1263 1261)
4(1261 1263 1267 1265)
4(1265 1267 1271 1269)
4(1269 1271 1275 1273)
4(1273 1275 1279 1277)
4(1277 1279 1283 1281)
4(1281 1283 1287 1285)
4(1285 1287 1291 1289)
4(1289 1291 1295 1293)
4(1293 1295 1299 1297)
4(1297 1299 1303 1301)
4(1301 1303 1307 1305)
4(1305 1307 1311 1309)
4(1309 1311 1315 1313)
4(1313 1315 1319 1317)
4(1317 1319 1323 1321)
4(1321 1323 1327 1325)
4(1325 1327 1331 1329)
4(1329 1331 1335 1333)
4(1333 1335 1339 1337)
4(1337 1339 1343 1341)
4(1341 1343 1347 1345)
4(1345 1347 1351 1349)
4(1349 1351 1355 1353)
4(1353 1355 1359 1357)
4(1357 1359 1363 1361)
4(1361 1363 1367 1365)
4(1365 1367 1371 1369)
4(1369 1371 1375 1373)
4(1373 1375 1379 1377)
4(1377 1379 1383 1381)
4(1381 1383 1387 1385)
4(1385 1387 1391 1389)
4(1389 1391 1395 1393)
4(1393 1395 1399 1397)
4(1397 1399 1403 1401)
4(1401 1403 1407 1405)
4(1405 1407 1411 1409)
4(1409 1411 1415 1413)
4(1413 1415 1419 1417)
4(1417 1419 1423 1421)
4(1421 1423 1427 1425)
4(1425 1427 1431 1429)
4(1429 1431 1435 1433)
4(1433 1435 1439 1437)
4(1437 1439 1443 1441)
4(1441 1443 1447 1445)
4(1445 1447 1451 1449)
4(1449 1451 1455 1453)
4(1453 1455 1459 1457)
4(1457 1459 1463 1461)
4(1461 1463 1467 1465)
4(1465 1467 1471 1469)
4(1469 1471 1475 1473)
4(1473 1475 1479 1477)
4(1477 1479 1483 1481)
4(1481 1483 1487 1485)
4(1485 1487 1491 1489)
4(1489 1491 1495 1493)
4(1493 1495 1499 1497)
4(1497 1499 1503 1501)
4(1501 1503 1507 1505)
4(1505 1507 1511 1509)
4(1509 1511 1515 1513)
4(1513 1515 1519 1517)
4(1517 1519 1523 1521)
4(1521 1523 1527 1525)
4(1525 1527 1531 1529)
4(1529 1531 1535 1533)
4(1533 1535 1539 1537)
4(1537 1539 1543 1541)
4(1541 1543 1547 1545)
4(1545 1547 1551 1549)
4(1549 1551 1555 1553)
4(1553 1555 1559 1557)
4(1557 1559 1563 1561)
4(1561 1563 1567 1565)
4(1565 1567 1571 1569)
4(1569 1571 1575 1573)
4(1573 1575 1579 1577)
4(1577 1579 1583 1581)
4(1581 1583 1587 1585)
4(1585 1587 1591 1589)
4(1589 1591 1595 1593)
4(1593 1595 1599 1597)
4(1597 1599 1603 1601)
4(1601 1603 1607 1605)
4(1605 1607 1611 1609)
4(1609 1611 1615 1613)
4(1613 1615 1619 1617)
4(1617 1619 1623 1621)
4(1621 1623 1627 1625)
4(1625 1627 1631 1629)
4(1629 1631 1635 1633)
4(1633 1635 1639 1637)
4(1637 1639 1643 1641)
4(1641 1643 1647 1645)
4(1645 1647 1651 1649)
4(1649 1651 1655 1653)
4(1653 1655 1659 1657)
4(1657 1659 1663 1661)
4(1661 1663 1667 1665)
4(1665 1667 1671 1669)
4(1669 1671 1675 1673)
4(1673 1675 1679 1677)
4(1677 1679 1683 1681)
4(1681 1683 1687 1685)
4(1685 1687 1691 1689)
4(1689 1691 1695 1693)
4(1693 1695 1699 1697)
4(1697 1699 1703 1701)
4(1701 1703 1707 1705)
4(1705 1707 1711 1709)
4(1709 1711 1715 1713)
4(1713 1715 1719 1717)
4(1717 1719 1723 1721)
4(1721 1723 1727 1725)
4(1725 1727 1731 1729)
4(1729 1731 1735 1733)
4(1733 1735 1739 1737)
4(1737 1739 1743 1741)
4(1741 1743 1747 1745)
4(1745 1747 1751 1749)
4(1749 1751 1755 1753)
4(1753 1755 1759 1757)
4(1757 1759 1763 1761)
4(1761 1763 1767 1765)
4(1765 1767 1771 1769)
4(1769 1771 1775 1773)
4(1773 1775 1779 1777)
4(1777 1779 1783 1781)
4(1781 1783 1787 1785)
4(1785 1787 1791 1789)
4(1789 1791 1795 1793)
4(1793 1795 1799 1797)
4(1797 1799 1803 1801)
4(1801 1803 1807 1805)
4(1805 1807 1811 1809)
4(1809 1811 1815 1813)
4(1813 1815 1819 1817)
4(1817 1819 1823 1821)
4(1821 1823 1827 1825)
4(1825 1827 1831 1829)
4(1829 1831 1835 1833)
4(1833 1835 1839 1837)
4(1837 1839 1843 1841)
4(1841 1843 1847 1845)
4(1845 1847 1851 1849)
4(1849 1851 1855 1853)
4(1853 1855 1859 1857)
4(1857 1859 1863 1861)
4(1861 1863 1867 1865)
4(1865 1867 1871 1869)
4(1869 1871 1875 1873)
4(1873 1875 1879 1877)
4(1877 1879 1883 1881)
4(1881 1883 1887 1885)
4(1885 1887 1891 1889)
4(1889 1891 1895 1893)
4(1893 1895 1899 1897)
4(1897 1899 1903 1901)
4(1901 1903 1907 1905)
4(1905 1907 1911 1909)
4(1909 1911 1915 1913)
4(1913 1915 1919 1917)
4(1917 1919 1923 1921)
4(1921 1923 1927 1925)
4(1925 1927 1931 1929)
4(1929 1931 1935 1933)
4(1933 1935 1939 1937)
4(1937 1939 1943 1941)
4(1941 1943 1947 1945)
4(1945 1947 1951 1949)
4(1949 1951 1955 1953)
4(1953 1955 1959 1957)
4(1957 1959 1963 1961)
4(1961 1963 1967 1965)
4(1965 1967 1971 1969)
4(1969 1971 1975 1973)
4(1973 1975 1979 1977)
4(1977 1979 1983 1981)
4(1981 1983 1987 1985)
4(1985 1987 1991 1989)
4(1989 1991 1995 1993)
4(1993 1995 1999 1997)
4(1997 1999 2003 2001)
4(2001 2003 2007 2005)
4(2005 2007 2011 2009)
4(2009 2011 2015 2013)
4(2013 2015 2019 2017)
4(2017 2019 2023 2021)
4(2021 2023 2027 2025)
4(2025 2027 2031 2029)
4(2029 2031 2035 2033)
4(2033 2035 2039 2037)
4(2037 2039 2043 2041)
4(2041 2043 2047 2045)
4(2045 2047 2051 2049)
4(2049 2051 2055 2053)
4(2053 2055 2059 2057)
4(2057 2059 2063 2061)
4(2061 2063 2067 2065)
4(2065 2067 2071 2069)
4(2069 2071 2075 2073)
4(2073 2075 2079 2077)
4(2077 2079 2083 2081)
4(2081 2083 2087 2085)
4(2085 2087 2091 2089)
4(2089 2091 2095 2093)
4(2093 2095 2099 2097)
4(2097 2099 2103 2101)
4(2101 2103 2107 2105)
4(2105 2107 2111 2109)
4(2109 2111 2115 2113)
4(2113 2115 2119 2117)
4(2117 2119 2123 2121)
4(2121 2123 2127 2125)
4(2125 2127 2131 2129)
4(2129 2131 2135 2133)
4(2133 2135 2139 2137)
4(2137 2139 2143 2141)
4(2141 2143 2147 2145)
4(2145 2147 2151 2149)
4(2149 2151 2155 2153)
4(2153 2155 2159 2157)
4(2157 2159 2163 2161)
4(2161 2163 2167 2165)
4(2165 2167 2171 2169)
4(2169 2171 2175 2173)
4(2173 2175 2179 2177)
4(2177 2179 2183 2181)
4(2181 2183 2187 2185)
4(2185 2187 2191 2189)
4(2189 2191 2195 2193)
4(2193 2195 2199 2197)
4(2197 2199 2203 2201)
4(2201 2203 2207 2205)
4(2205 2207 2211 2209)
4(2209 2211 2215 2213)
4(2213 2215 2219 2217)
4(2217 2219 2223 2221)
4(2221 2223 2227 2225)
4(2225 2227 2231 2229)
4(2229 2231 2235 2233)
4(2233 2235 2239 2237)
4(2237 2239 2243 2241)
4(2241 2243 2247 2245)
4(2245 2247 2251 2249)
4(2249 2251 2255 2253)
4(2253 2255 2259 2257)
4(2257 2259 2263 2261)
4(2261 2263 2267 2265)
4(2265 2267 2271 2269)
4(2269 2271 2275 2273)
4(2273 2275 2279 2277)
4(2277 2279 2283 2281)
4(2281 2283 2287 2285)
4(2285 2287 2291 2289)
4(2289 2291 2295 2293)
4(2293 2295 2299 2297)
4(2297 2299 2303 2301)
4(2301 2303 2307 2305)
4(2305 2307 2311 2309)
4(2309 2311 2315 2313)
4(2313 2315 2319 2317)
4(2317 2319 2323 2321)
4(2321 2323 2327 2325)
4(2325 2327 2331 2329)
4(2329 2331 2335 2333)
4(2333 2335 2339 2337)
4(2337 2339 2343 2341)
4(2341 2343 2347 2345)
4(2345 2347 2351 2349)
4(2349 2351 2355 2353)
4(2353 2355 2359 2357)
4(2357 2359 2363 2361)
4(2361 2363 2367 2365)
4(2365 2367 2371 2369)
4(2369 2371 2375 2373)
4(2373 2375 2379 2377)
4(2377 2379 2383 2381)
4(2381 2383 2387 2385)
4(2385 2387 2391 2389)
4(2389 2391 2395 2393)
4(2393 2395 2399 2397)
4(2397 2399 2403 2401)
4(2400 2401 2403 2402)
4(0 2 3 1)
4(0 1 5 4)
4(4 5 9 8)
4(8 9 13 12)
4(12 13 17 16)
4(16 17 21 20)
4(20 21 25 24)
4(24 25 29 28)
4(28 29 33 32)
4(32 33 37 36)
4(36 37 41 40)
4(40 41 45 44)
4(44 45 49 48)
4(48 49 53 52)
4(52 53 57 56)
4(56 57 61 60)
4(60 61 65 64)
4(64 65 69 68)
4(68 69 73 72)
4(72 73 77 76)
4(76 77 81 80)
4(80 81 85 84)
4(84 85 89 88)
4(88 89 93 92)
4(92 93 97 96)
4(96 97 101 100)
4(100 101 105 104)
4(104 105 109 108)
4(108 109 113 112)
4(112 113 117 116)
4(116 117 121 120)
4(120 121 125 124)
4(124 125 129 128)
4(128 129 133 132)
4(132 133 137 136)
4(136 137 141 140)
4(140 141 145 144)
4(144 145 149 148)
4(148 149 153 152)
4(152 153 157 156)
4(156 157 161 160)
4(160 161 165 164)
4(164 165 169 168)
4(168 169 173 172)
4(172 173 177 176)
4(176 177 181 180)
4(180 181 185 184)
4(184 185 189 188)
4(188 189 193 192)
4(192 193 197 196)
4(196 197 201 200)
4(200 201 205 204)
4(204 205 209 208)
4(208 209 213 212)
4(212 213 217 216)
4(216 217 221 220)
4(220 221 225 224)
4(224 225 229 228)
4(228 229 233 232)
4(232 233 237 236)
4(236 237 241 240)
4(240 241 245 244)
4(244 245 249 248)
4(248 249 253 252)
4(252 253 257 256)
4(256 257 261 260)
4(260 261 265 264)
4(264 265 269 268)
4(268 269 273 272)
4(272 273 277 276)
4(276 277 281 280)
4(280 281 285 284)
4(284 285 289 288)
4(288 289 293 292)
4(292 293 297 296)
4(296 297 301 300)
4(300 301 305 304)
4(304 305 309 308)
4(308 309 313 312)
4(312 313 317 316)
4(316 317 321 320)
4(320 321 325 324)
4(324 325 329 328)
4(328 329 333 332)
4(332 333 337 336)
4(336 337 341 340)
4(340 341 345 344)
4(344 345 349 348)
4(348 349 353 352)
4(352 353 357 356)
4(356 357 361 360)
4(360 361 365 364)
4(364 365 369 368)
4(368 369 373 372)
4(372 373 377 376)
4(376 377 381 380)
4(380 381 385 384)
4(384 385 389 388)
4(388 389 393 392)
4(392 393 397 396)
4(396 397 401 400)
4(400 401 405 404)
4(404 405 409 408)
4(408 409 413 412)
4(412 413 417 416)
4(416 417 421 420)
4(420 421 425 424)
4(424 425 429 428)
4(428 429 433 432)
4(432 433 437 436)
4(436 437 441 440)
4(440 441 445 444)
4(444 445 449 448)
4(448 449 453 452)
4(452 453 457 456)
4(456 457 461 460)
4(460 461 465 464)
4(464 465 469 468)
4(468 469 473 472)
4(472 473 477 476)
4(476 477 481 480)
4(480 481 485 484)
4(484 485 489 488)
4(488 489 493 492)
4(492 493 497 496)
4(496 497 501 500)
4(500 501 505 504)
4(504 505 509 508)
4(508 509 513 512)
4(512 513 517 516)
4(516 517 521 520)
4(520 521 525 524)
4(524 525 529 528)
4(528 529 533 532)
4(532 533 537 536)
4(536 537 541 540)
4(540 541 545 544)
4(544 545 549 548)
4(548 549 553 552)
4(552 553 557 556)
4(556 557 561 560)
4(560 561 565 564)
4(564 565 569 568)
4(568 569 573 572)
4(572 573 577 576)
4(576 577 581 580)
4(580 581 585 584)
4(584 585 589 588)
4(588 589 593 592)
4(592 593 597 596)
4(596 597 601 600)
4(600 601 605 604)
4(604 605 609 608)
4(608 609 613 612)
4(612 613 617 616)
4(616 617 621 620)
4(620 621 625 624)
4(624 625 629 628)
4(628 629 633 632)
4(632 633 637 636)
4(636 637 641 640)
4(640 641 645 644)
4(644 645 649 648)
4(648 649 653 652)
4(652 653 657 656)
4(656 657 661 660)
4(660 661 665 664)
4(664 665 669 668)
4(668 669 673 672)
4(672 673 677 676)
4(676 677 681 680)
4(680 681 685 684)
4(684 685 689 688)
4(688 689 693 692)
4(692 693 697 696)
4(696 697 701 700)
4(700 701 705 704)
4(704 705 709 708)
4(708 709 713 712)
4(712 713 717 716)
4(716 717 721 720)
4(720 721 725 724)
4(724 725 729 728)
4(728 729 733 732)
4(732 733 737 736)
4(736 737 741 740)
4(740 741 745 744)
4(744 745 749 748)
4(748 749 753 752)
4(752 753 757 756)
4(756 757 761 760)
4(760 761 765 764)
4(764 765 769 768)
4(768 769 773 772)
4(772 773 777 776)
4(776 777 781 780)
4(780 781 785 784)
4(784 785 789 788)
4(788 789 793 792)
4(792 793 797 796)
4(796 797 801 800)
4(800 801 805 804)
4(804 805 809 808)
4(808 809 813 812)
4(812 813 817 816)
4(816 817 821 820)
4(820 821 825 824)
4(824 825 829 828)
4(828 829 833 832)
4(832 833 837 836)
4(836 837 841 840)
4(840 841 845 844)
4(844 845 849 848)
4(848 849 853 852)
4(852 853 857 856)
4(856 857 861 860)
4(860 861 865 864)
4(864 865 869 868)
4(868 869 873 872)
4(872 873 877 876)
4(876 877 881 880)
4(880 881 885 884)
4(884 885 889 888)
4(888 889 893 892)
4(892 893 897 896)
4(896 897 901 900)
4(900 901 905 904)
4(904 905 909 908)
4(908 909 913 912)
4(912 913 917 916)
4(916 917 921 920)
4(920 921 925 924)
4(924 925 929 928)
4(928 929 933 932)
4(932 933 937 936)
4(936 937 941 940)
4(940 941 945 944)
4(944 945 949 948)
4(948 949 953 952)
4(952 953 957 956)
4(956 957 961 960)
4(960 961 965 964)
4(964 965 969 968)
4(968 969 973 972)
4(972 973 977 976)
4(976 977 981 980)
4(980 981 985 984)
4(984 985 989 988)
4(988 989 993 992)
4(992 993 997 996)
4(996 997 1001 1000)
4(1000 1001 1005 1004)
4(1004 1005 1009 1008)
4(1008 1009 1013 1012)
4(1012 1013 1017 1016)
4(1016 1017 1021 1020)
4(1020 1021 1025 1024)
4(1024 1025 1029 1028)
4(1028 1029 1033 1032)
4(1032 1033 1037 1036)
4(1036 1037 1041 1040)
4(1040 1041 1045 1044)
4(1044 1045 1049 1048)
4(1048 1049 1053 1052)
4(1052 1053 1057 1056)
4(1056 1057 1061 1060)
4(1060 1061 1065 1064)
4(1064 1065 1069 1068)
4(1068 1069 1073 1072)
4(1072 1073 1077 1076)
4(1076 1077 1081 1080)
4(1080 1081 1085 1084)
4(1084 1085 1089 1088)
4(1088 1089 1093 1092)
4(1092 1093 1097 1096)
4(1096 1097 1101 1100)
4(1100 1101 1105 1104)
4(1104 1105 1109 1108)
4(1108 1109 1113 1112)
4(1112 1113 1117 1116)
4(1116 1117 1121 1120)
4(1120 1121 1125 1124)
4(1124 1125 1129 1128)
4(1128 1129 1133 1132)
4(1132 1133 1137 1136)
4(1136 1137 1141 1140)
4(1140 1141 1145 1144)
4(1144 1145 1149 1148)
4(1148 1149 1153 1152)
4(1152 1153 1157 1156)
4(1156 1157 1161 1160)
4(1160 1161 1165 1164)
4(1164 1165 1169 1168)
4(1168 1169 1173 1172)
4(1172 1173 1177 1176)
4(1176 1177 1181 1180)
4(1180 1181 1185 1184)
4(1184 1185 1189 1188)
4(1188 1189 1193 1192)
4(1192 1193 1197 1196)
4(1196 1197 1201 1200)
4(1200 1201 1205 1204)
4(1204 1205 1209 1208)
4(1208 1209 1213 1212)
4(1212 1213 1217 1216)
4(1216 1217 1221 1220)
4(1220 1221 1225 1224)
4(1224 1225 1229 1228)
4(1228 1229 1233 1232)
4(1232 1233 1237 1236)
4(1236 1237 1241 1240)
4(1240 1241 1245 1244)
4(1244 1245 1249 1248)
4(1248 1249 1253 1252)
4(1252 1253 1257 1256)
4(1256 1257 1261 1260)
4(1260 1261 1265 1264)
4(1264 1265 1269 1268)
4(1268 1269 1273 1272)
4(1272 1273 1277 1276)
4(1276 1277 1281 1280)
4(1280 1281 1285 1284)
4(1284 1285 1289 1288)
4(1288 1289 1293 1292)
4(1292 1293 1297 1296)
4(1296 1297 1301 1300)
4(1300 1301 1305 1304)
4(1304 1305 1309 1308)
4(1308 1309 1313 1312)
4(1312 1313 1317 1316)
4(1316 1317 1321 1320)
4(1320 1321 1325 1324)
4(1324 1325 1329 1328)
4(1328 1329 1333 1332)
4(1332 1333 1337 1336)
4(1336 1337 1341 1340)
4(1340 1341 1345 1344)
4(1344 1345 1349 1348)
4(1348 1349 1353 1352)
4(1352 1353 1357 1356)
4(1356 1357 1361 1360)
4(1360 1361 1365 1364)
4(1364 1365 1369 1368)
4(1368 1369 1373 1372)
4(1372 1373 1377 1376)
4(1376 1377 1381 1380)
4(1380 1381 1385 1384)
4(1384 1385 1389 1388)
4(1388 1389 1393 1392)
4(1392 1393 1397 1396)
4(1396 1397 1401 1400)
4(1400 1401 1405 1404)
4(1404 1405 1409 1408)
4(1408 1409 1413 1412)
4(1412 1413 1417 1416)
4(1416 1417 1421 1420)
4(1420 1421 1425 1424)
4(1424 1425 1429 1428)
4(1428 1429 1433 1432)
4(1432 1433 1437 1436)
4(1436 1437 1441 1440)
4(1440 1441 1445 1444)
4(1444 1445 1449 1448)
4(1448 1449 1453 1452)
4(1452 1453 1457 1456)
4(1456 1457 1461 1460)
4(1460 1461 1465 1464)
4(1464 1465 1469 1468)
4(1468 1469 1473 1472)
4(1472 1473 1477 1476)
4(1476 1477 1481 1480)
4(1480 1481 1485 1484)
4(1484 1485 1489 1488)
4(1488 1489 1493 1492)
4(1492 1493 1497 1496)
4(1496 1497 1501 1500)
4(1500 1501 1505 1504)
4(1504 1505 1509 1508)
4(1508 1509 1513 1512)
4(1512 1513 1517 1516)
4(1516 1517 1521 1520)
4(1520 1521 1525 1524)
4(1524 1525 1529 1528)
4(1528 1529 1533 1532)
4(1532 1533 1537 1536)
4(1536 1537 1541 1540)
4(1540 1541 1545 1544)
4(1544 1545 1549 1548)
4(1548 1549 1553 1552)
4(1552 1553 1557 1556)
4(1556 1557 1561 1560)
4(1560 1561 1565 1564)
4(1564 1565 1569 1568)
4(1568 1569 1573 1572)
4(1572 1573 1577 1576)
4(1576 1577 1581 1580)
4(1580 1581 1585 1584)
4(1584 1585 1589 1588)
4(1588 1589 1593 1592)
4(1592 1593 1597 1596)
4(1596 1597 1601 1600)
4(1600 1601 1605 1604)
4(1604 1605 1609 1608)
4(1608 1609 1613 1612)
4(1612 1613 1617 1616)
4(1616 1617 1621 1620)
4(1620 1621 1625 1624)
4(1624 1625 1629 1628)
4(1628 1629 1633 1632)
4(1632 1633 1637 1636)
4(1636 1637 1641 1640)
4(1640 1641 1645 1644)
4(1644 1645 1649 1648)
4(1648 1649 1653 1652)
4(1652 1653 1657 1656)
4(1656 1657 1661 1660)
4(1660 1661 1665 1664)
4(1664 1665 1669 1668)
4(1668 1669 1673 1672)
4(1672 1673 1677 1676)
4(1676 1677 1681 1680)
4(1680 1681 1685 1684)
4(1684 1685 1689 1688)
4(1688 1689 1693 1692)
4(1692 1693 1697 1696)
4(1696 1697 1701 1700)
4(1700 1701 1705 1704)
4(1704 1705 1709 1708)
4(1708 1709 1713 1712)
4(1712 1713 1717 1716)
4(1716 1717 1721 1720)
4(1720 1721 1725 1724)
4(1724 1725 1729 1728)
4(1728 1729 1733 1732)
4(1732 1733 1737 1736)
4(1736 1737 1741 1740)
4(1740 1741 1745 1744)
4(1744 1745 1749 1748)
4(1748 1749 1753 1752)
4(1752 1753 1757 1756)
4(1756 1757 1761 1760)
4(1760 1761 1765 1764)
4(1764 1765 1769 1768)
4(1768 1769 1773 1772)
4(1772 1773 1777 1776)
4(1776 1777 1781 1780)
4(1780 1781 1785 1784)
4(1784 1785 1789 1788)
4(1788 1789 1793 1792)
4(1792 1793 1797 1796)
4(1796 1797 1801 1800)
4(1800 1801 1805 1804)
4(1804 1805 1809 1808)
4(1808 1809 1813 1812)
4(1812 1813 1817 1816)
4(1816 1817 1821 1820)
4(1820 1821 1825 1824)
4(1824 1825 1829 1828)
4(1828 1829 1833 1832)
4(1832 1833 1837 1836)
4(1836 1837 1841 1840)
4(1840 1841 1845 1844)
4(1844 1845 1849 1848)
4(1848 1849 1853 1852)
4(1852 1853 1857 1856)
4(1856 1857 1861 1860)
4(1860 1861 1865 1864)
4(1864 1865 1869 1868)
4(1868 1869 1873 1872)
4(1872 1873 1877 1876)
4(1876 1877 1881 1880)
4(1880 1881 1885 1884)
4(1884 1885 1889 1888)
4(1888 1889 1893 1892)
4(1892 1893 1897 1896)
4(1896 1897 1901 1900)
4(1900 1901 1905 1904)
4(1904 1905 1909 1908)
4(1908 1909 1913 1912)
4(1912 1913 1917 1916)
4(1916 1917 1921 1920)
4(1920 1921 1925 1924)
4(1924 1925 1929 1928)
4(1928 1929 1933 1932)
4(1932 1933 1937 1936)
4(1936 1937 1941 1940)
4(1940 1941 1945 1944)
4(1944 1945 1949 1948)
4(1948 1949 1953 1952)
4(1952 1953 1957 1956)
4(1956 1957 1961 1960)
4(1960 1961 1965 1964)
4(1964 1965 1969 1968)
4(1968 1969 1973 1972)
4(1972 1973 1977 1976)
4(1976 1977 1981 1980)
4(1980 1981 1985 1984)
4(1984 1985 1989 1988)
4(1988 1989 1993 1992)
4(1992 1993 1997 1996)
4(1996 1997 2001 2000)
4(2000 2001 2005 2004)
4(2004 2005 2009 2008)
4(2008 2009 2013 2012)
4(2012 2013 2017 2016)
4(2016 2017 2021 2020)
4(2020 2021 2025 2024)
4(2024 2025 2029 2028)
4(2028 2029 2033 2032)
4(2032 2033 2037 2036)
4(2036 2037 2041 2040)
4(2040 2041 2045 2044)
4(2044 2045 2049 2048)
4(2048 2049 2053 2052)
4(2052 2053 2057 2056)
4(2056 2057 2061 2060)
4(2060 2061 2065 2064)
4(2064 2065 2069 2068)
4(2068 2069 2073 2072)
4(2072 2073 2077 2076)
4(2076 2077 2081 2080)
4(2080 2081 2085 2084)
4(2084 2085 2089 2088)
4(2088 2089 2093 2092)
4(2092 2093 2097 2096)
4(2096 2097 2101 2100)
4(2100 2101 2105 2104)
4(2104 2105 2109 2108)
4(2108 2109 2113 2112)
4(2112 2113 2117 2116)
4(2116 2117 2121 2120)
4(2120 2121 2125 2124)
4(2124 2125 2129 2128)
4(2128 2129 2133 2132)
4(2132 2133 2137 2136)
4(2136 2137 2141 2140)
4(2140 2141 2145 2144)
4(2144 2145 2149 2148)
4(2148 2149 2153 2152)
4(2152 2153 2157 2156)
4(2156 2157 2161 2160)
4(2160 2161 2165 2164)
4(2164 2165 2169 2168)
4(2168 2169 2173 2172)
4(2172 2173 2177 2176)
4(2176 2177 2181 2180)
4(2180 2181 2185 2184)
4(2184 2185 2189 2188)
4(2188 2189 2193 2192)
4(2192 2193 2197 2196)
4(2196 2197 2201 2200)
4(2200 2201 2205 2204)
4(2204 2205 2209 2208)
4(2208 2209 2213 2212)
4(2212 2213 2217 2216)
4(2216 2217 2221 2220)
4(2220 2221 2225 2224)
4(2224 2225 2229 2228)
4(2228 2229 2233 2232)
4(2232 2233 2237 2236)
4(2236 2237 2241 2240)
4(2240 2241 2245 2244)
4(2244 2245 2249 2248)
4(2248 2249 2253 2252)
4(2252 2253 2257 2256)
4(2256 2257 2261 2260)
4(2260 2261 2265 2264)
4(2264 2265 2269 2268)
4(2268 2269 2273 2272)
4(2272 2273 2277 2276)
4(2276 2277 2281 2280)
4(2280 2281 2285 2284)
4(2284 2285 2289 2288)
4(2288 2289 2293 2292)
4(2292 2293 2297 2296)
4(2296 2297 2301 2300)
4(2300 2301 2305 2304)
4(2304 2305 2309 2308)
4(2308 2309 2313 2312)
4(2312 2313 2317 2316)
4(2316 2317 2321 2320)
4(2320 2321 2325 2324)
4(2324 2325 2329 2328)
4(2328 2329 2333 2332)
4(2332 2333 2337 2336)
4(2336 2337 2341 2340)
4(2340 2341 2345 2344)
4(2344 2345 2349 2348)
4(2348 2349 2353 2352)
4(2352 2353 2357 2356)
4(2356 2357 2361 2360)
4(2360 2361 2365 2364)
4(2364 2365 2369 2368)
4(2368 2369 2373 2372)
4(2372 2373 2377 2376)
4(2376 2377 2381 2380)
4(2380 2381 2385 2384)
4(2384 2385 2389 2388)
4(2388 2389 2393 2392)
4(2392 2393 2397 2396)
4(2396 2397 2401 2400)
4(2 6 7 3)
4(6 10 11 7)
4(10 14 15 11)
4(14 18 19 15)
4(18 22 23 19)
4(22 26 27 23)
4(26 30 31 27)
4(30 34 35 31)
4(34 38 39 35)
4(38 42 43 39)
4(42 46 47 43)
4(46 50 51 47)
4(50 54 55 51)
4(54 58 59 55)
4(58 62 63 59)
4(62 66 67 63)
4(66 70 71 67)
4(70 74 75 71)
4(74 78 79 75)
4(78 82 83 79)
4(82 86 87 83)
4(86 90 91 87)
4(90 94 95 91)
4(94 98 99 95)
4(98 102 103 99)
4(102 106 107 103)
4(106 110 111 107)
4(110 114 115 111)
4(114 118 119 115)
4(118 122 123 119)
4(122 126 127 123)
4(126 130 131 127)
4(130 134 135 131)
4(134 138 139 135)
4(138 142 143 139)
4(142 146 147 143)
4(146 150 151 147)
4(150 154 155 151)
4(154 158 159 155)
4(158 162 163 159)
4(162 166 167 163)
4(166 170 171 167)
4(170 174 175 171)
4(174 178 179 175)
4(178 182 183 179)
4(182 186 187 183)
4(186 190 191 187)
4(190 194 195 191)
4(194 198 199 195)
4(198 202 203 199)
4(202 206 207 203)
4(206 210 211 207)
4(210 214 215 211)
4(214 218 219 215)
4(218 222 223 219)
4(222 226 227 223)
4(226 230 231 227)
4(230 234 235 231)
4(234 238 239 235)
4(238 242 243 239)
4(242 246 247 243)
4(246 250 251 247)
4(250 254 255 251)
4(254 258 259 255)
4(258 262 263 259)
4(262 266 267 263)
4(266 270 271 267)
4(270 274 275 271)
4(274 278 279 275)
4(278 282 283 279)
4(282 286 287 283)
4(286 290 291 287)
4(290 294 295 291)
4(294 298 299 295)
4(298 302 303 299)
4(302 306 307 303)
4(306 310 311 307)
4(310 314 315 311)
4(314 318 319 315)
4(318 322 323 319)
4(322 326 327 323)
4(326 330 331 327)
4(330 334 335 331)
4(334 338 339 335)
4(338 342 343 339)
4(342 346 347 343)
4(346 350 351 347)
4(350 354 355 351)
4(354 358 359 355)
4(358 362 363 359)
4(362 366 367 363)
4(366 370 371 367)
4(370 374 375 371)
4(374 378 379 375)
4(378 382 383 379)
4(382 386 387 383)
4(386 390 391 387)
4(390 394 395 391)
4(394 398 399 395)
4(398 402 403 399)
4(402 406 407 403)
4(406 410 411 407)
4(410 414 415 411)
4(414 418 419 415)
4(418 422 423 419)
4(422 426 427 423)
4(426 430 431 427)
4(430 434 435 431)
4(434 438 439 435)
4(438 442 443 439)
4(442 446 447 443)
4(446 450 451 447)
4(450 454 455 451)
4(454 458 459 455)
4(458 462 463 459)
4(462 466 467 463)
4(466 470 471 467)
4(470 474 475 471)
4(474 478 479 475)
4(478 482 483 479)
4(482 486 487 483)
4(486 490 491 487)
4(490 494 495 491)
4(494 498 499 495)
4(498 502 503 499)
4(502 506 507 503)
4(506 510 511 507)
4(510 514 515 511)
4(514 518 519 515)
4(518 522 523 519)
4(522 526 527 523)
4(526 530 531 527)
4(530 534 535 531)
4(534 538 539 535)
4(538 542 543 539)
4(542 546 547 543)
4(546 550 551 547)
4(550 554 555 551)
4(554 558 559 555)
4(558 562 563 559)
4(562 566 567 563)
4(566 570 571 567)
4(570 574 575 571)
4(574 578 579 575)
4(578 582 583 579)
4(582 586 587 583)
4(586 590 591 587)
4(590 594 595 591)
4(594 598 599 595)
4(598 602 603 599)
4(602 606 607 603)
4(606 610 611 607)
4(610 614 615 611)
4(614 618 619 615)
4(618 622 623 619)
4(622 626 627 623)
4(626 630 631 627)
4(630 634 635 631)
4(634 638 639 635)
4(638 642 643 639)
4(642 646 647 643)
4(646 650 651 647)
4(650 654 655 651)
4(654 658 659 655)
4(658 662 663 659)
4(662 666 667 663)
4(666 670 671 667)
4(670 674 675 671)
4(674 678 679 675)
4(678 682 683 679)
4(682 686 687 683)
4(686 690 691 687)
4(690 694 695 691)
4(694 698 699 695)
4(698 702 703 699)
4(702 706 707 703)
4(706 710 711 707)
4(710 714 715 711)
4(714 718 719 715)
4(718 722 723 719)
4(722 726 727 723)
4(726 730 731 727)
4(730 734 735 731)
4(734 738 739 735)
4(738 742 743 739)
4(742 746 747 743)
4(746 750 751 747)
4(750 754 755 751)
4(754 758 759 755)
4(758 762 763 759)
4(762 766 767 763)
4(766 770 771 767)
4(770 774 775 771)
4(774 778 779 775)
4(778 782 783 779)
4(782 786 787 783)
4(786 790 791 787)
4(790 794 795 791)
4(794 798 799 795)
4(798 802 803 799)
4(802 806 807 803)
4(806 810 811 807)
4(810 814 815 811)
4(814 818 819 815)
4(818 822 823 819)
4(822 826 827 823)
4(826 830 831 827)
4(830 834 835 831)
4(834 838 839 835)
4(838 842 843 839)
4(842 846 847 843)
4(846 850 851 847)
4(850 854 855 851)
4(854 858 859 855)
4(858 862 863 859)
4(862 866 867 863)
4(866 870 871 867)
4(870 874 875 871)
4(874 878 879 875)
4(878 882 883 879)
4(882 886 887 883)
4(886 890 891 887)
4(890 894 895 891)
4(894 898 899 895)
4(898 902 903 899)
4(902 906 907 903)
4(906 910 911 907)
4(910 914 915 911)
4(914 918 919 915)
4(918 922 923 919)
4(922 926 927 923)
4(926 930 931 927)
4(930 934 935 931)
4(934 938 939 935)
4(938 942 943 939)
4(942 946 947 943)
4(946 950 951 947)
4(950 954 955 951)
4(954 958 959 955)
4(958 962 963 959)
4(962 966 967 963)
4(966 970 971 967)
4(970 974 975 971)
4(974 978 979 975)
4(978 982 983 979)
4(982 986 987 983)
4(986 990 991 987)
4(990 994 995 991)
4(994 998 999 995)
4(998 1002 1003 999)
4(1002 1006 1007 1003)
4(1006 1010 1011 1007)
4(1010 1014 1015 1011)
4(1014 1018 1019 1015)
4(1018 1022 1023 1019)
4(1022 1026 1027 1023)
4(1026 1030 1031 1027)
4(1030 1034 1035 1031)
4(1034 1038 1039 1035)
4(1038 1042 1043 1039)
4(1042 1046 1047 1043)
4(1046 1050 1051 1047)
4(1050 1054 1055 1051)
4(1054 1058 1059 1055)
4(1058 1062 1063 1059)
4(1062 1066 1067 1063)
4(1066 1070 1071 1067)
4(1070 1074 1075 1071)
4(1074 1078 1079 1075)
4(1078 1082 1083 1079)
4(1082 1086 1087 1083)
4(1086 1090 1091 1087)
4(1090 1094 1095 1091)
4(1094 1098 1099 1095)
4(1098 1102 1103 1099)
4(1102 1106 1107 1103)
4(1106 1110 1111 1107)
4(1110 1114 1115 1111)
4(1114 1118 1119 1115)
4(1118 1122 1123 1119)
4(1122 1126 1127 1123)
4(1126 1130 1131 1127)
4(1130 1134 1135 1131)
4(1134 1138 1139 1135)
4(1138 1142 1143 1139)
4(1142 1146 1147 1143)
4(1146 1150 1151 1147)
4(1150 1154 1155 1151)
4(1154 1158 1159 1155)
4(1158 1162 1163 1159)
4(1162 1166 1167 1163)
4(1166 1170 1171 1167)
4(1170 1174 1175 1171)
4(1174 1178 1179 1175)
4(1178 1182 1183 1179)
4(1182 1186 1187 1183)
4(1186 1190 1191 1187)
4(1190 1194 1195 1191)
4(1194 1198 1199 1195)
4(1198 1202 1203 1199)
4(1202 1206 1207 1203)
4(1206 1210 1211 1207)
4(1210 1214 1215 1211)
4(1214 1218 1219 1215)
4(1218 1222 1223 1219)
4(1222 1226 1227 1223)
4(1226 1230 1231 1227)
4(1230 1234 1235 1231)
4(1234 1238 1239 1235)
4(1238 1242 1243 1239)
4(1242 1246 1247 1243)
4(1246 1250 1251 1247)
4(1250 1254 1255 1251)
4(1254 1258 1259 1255)
4(1258 1262 1263 1259)
4(1262 1266 1267 1263)
4(1266 1270 1271 1267)
4(1270 1274 1275 1271)
4(1274 1278 1279 1275)
4(1278 1282 1283 1279)
4(1282 1286 1287 1283)
4(1286 1290 1291 1287)
4(1290 1294 1295 1291)
4(1294 1298 1299 1295)
4(1298 1302 1303 1299)
4(1302 1306 1307 1303)
4(1306 1310 1311 1307)
4(1310 1314 1315 1311)
4(1314 1318 1319 1315)
4(1318 1322 1323 1319)
4(1322 1326 1327 1323)
4(1326 1330 1331 1327)
4(1330 1334 1335 1331)
4(1334 1338 1339 1335)
4(1338 1342 1343 1339)
4(1342 1346 1347 1343)
4(1346 1350 1351 1347)
4(1350 1354 1355 1351)
4(1354 1358 1359 1355)
4(1358 1362 1363 1359)
4(1362 1366 1367 1363)
4(1366 1370 1371 1367)
4(1370 1374 1375 1371)
4(1374 1378 1379 1375)
4(1378 1382 1383 1379)
4(1382 1386 1387 1383)
4(1386 1390 1391 1387)
4(1390 1394 1395 1391)
4(1394 1398 1399 1395)
4(1398 1402 1403 1399)
4(1402 1406 1407 1403)
4(1406 1410 1411 1407)
4(1410 1414 1415 1411)
4(1414 1418 1419 1415)
4(1418 1422 1423 1419)
4(1422 1426 1427 1423)
4(1426 1430 1431 1427)
4(1430 1434 1435 1431)
4(1434 1438 1439 1435)
4(1438 1442 1443 1439)
4(1442 1446 1447 1443)
4(1446 1450 1451 1447)
4(1450 1454 1455 1451)
4(1454 1458 1459 1455)
4(1458 1462 1463 1459)
4(1462 1466 1467 1463)
4(1466 1470 1471 1467)
4(1470 1474 1475 1471)
4(1474 1478 1479 1475)
4(1478 1482 1483 1479)
4(1482 1486 1487 1483)
4(1486 1490 1491 1487)
4(1490 1494 1495 1491)
4(1494 1498 1499 1495)
4(1498 1502 1503 1499)
4(1502 1506 1507 1503)
4(1506 1510 1511 1507)
4(1510 1514 1515 1511)
4(1514 1518 1519 1515)
4(1518 1522 1523 1519)
4(1522 1526 1527 1523)
4(1526 1530 1531 1527)
4(1530 1534 1535 1531)
4(1534 1538 1539 1535)
4(1538 1542 1543 1539)
4(1542 1546 1547 1543)
4(1546 1550 1551 1547)
4(1550 1554 1555 1551)
4(1554 1558 1559 1555)
4(1558 1562 1563 1559)
4(1562 1566 1567 1563)
4(1566 1570 1571 1567)
4(1570 1574 1575 1571)
4(1574 1578 1579 1575)
4(1578 1582 1583 1579)
4(1582 1586 1587 1583)
4(1586 1590 1591 1587)
4(1590 1594 1595 1591)
4(1594 1598 1599 1595)
4(1598 1602 1603 1599)
4(1602 1606 1607 1603)
4(1606 1610 1611 1607)
4(1610 1614 1615 1611)
4(1614 1618 1619 1615)
4(1618 1622 1623 1619)
4(1622 1626 1627 1623)
4(1626 1630 1631 1627)
4(1630 1634 1635 1631)
4(1634 1638 1639 1635)
4(1638 1642 1643 1639)
4(1642 1646 1647 1643)
4(1646 1650 1651 1647)
4(1650 1654 1655 1651)
4(1654 1658 1659 1655)
4(1658 1662 1663 1659)
4(1662 1666 1667 1663)
4(1666 1670 1671 1667)
4(1670 1674 1675 1671)
4(1674 1678 1679 1675)
4(1678 1682 1683 1679)
4(1682 1686 1687 1683)
4(1686 1690 1691 1687)
4(1690 1694 1695 1691)
4(1694 1698 1699 1695)
4(1698 1702 1703 1699)
4(1702 1706 1707 1703)
4(1706 1710 1711 1707)
4(1710 1714 1715 1711)
4(1714 1718 1719 1715)
4(1718 1722 1723 1719)
4(1722 1726 1727 1723)
4(1726 1730 1731 1727)
4(1730 1734 1735 1731)
4(1734 1738 1739 1735)
4(1738 1742 1743 1739)
4(1742 1746 1747 1743)
4(1746 1750 1751 1747)
4(1750 1754 1755 1751)
4(1754 1758 1759 1755)
4(1758 1762 1763 1759)
4(1762 1766 1767 1763)
4(1766 1770 1771 1767)
4(1770 1774 1775 1771)
4(1774 1778 1779 1775)
4(1778 1782 1783 1779)
4(1782 1786 1787 1783)
4(1786 1790 1791 1787)
4(1790 1794 1795 1791)
4(1794 1798 1799 1795)
4(1798 1802 1803 1799)
4(1802 1806 1807 1803)
4(1806 1810 1811 1807)
4(1810 1814 1815 1811)
4(1814 1818 1819 1815)
4(1818 1822 1823 1819)
4(1822 1826 1827 1823)
4(1826 1830 1831 1827)
4(1830 1834 1835 1831)
4(1834 1838 1839 1835)
4(1838 1842 1843 1839)
4(1842 1846 1847 1843)
4(1846 1850 1851 1847)
4(1850 1854 1855 1851)
4(1854 1858 1859 1855)
4(1858 1862 1863 1859)
4(1862 1866 1867 1863)
4(1866 1870 1871 1867)
4(1870 1874 1875 1871)
4(1874 1878 1879 1875)
4(1878 1882 1883 1879)
4(1882 1886 1887 1883)
4(1886 1890 1891 1887)
4(1890 1894 1895 1891)
4(1894 1898 1899 1895)
4(1898 1902 1903 1899)
4(1902 1906 1907 1903)
4(1906 1910 1911 1907)
4(1910 1914 1915 1911)
4(1914 1918 1919 1915)
4(1918 1922 1923 1919)
4(1922 1926 1927 1923)
4(1926 1930 1931 1927)
4(1930 1934 1935 1931)
4(1934 1938 1939 1935)
4(1938 1942 1943 1939)
4(1942 1946 1947 1943)
4(1946 1950 1951 1947)
4(1950 1954 1955 1951)
4(1954 1958 1959 1955)
4(1958 1962 1963 1959)
4(1962 1966 1967 1963)
4(1966 1970 1971 1967)
4(1970 1974 1975 1971)
4(1974 1978 1979 1975)
4(1978 1982 1983 1979)
4(1982 1986 1987 1983)
4(1986 1990 1991 1987)
4(1990 1994 1995 1991)
4(1994 1998 1999 1995)
4(1998 2002 2003 1999)
4(2002 2006 2007 2003)
4(2006 2010 2011 2007)
4(2010 2014 2015 2011)
4(2014 2018 2019 2015)
4(2018 2022 2023 2019)
4(2022 2026 2027 2023)
4(2026 2030 2031 2027)
4(2030 2034 2035 2031)
4(2034 2038 2039 2035)
4(2038 2042 2043 2039)
4(2042 2046 2047 2043)
4(2046 2050 2051 2047)
4(2050 2054 2055 2051)
4(2054 2058 2059 2055)
4(2058 2062 2063 2059)
4(2062 2066 2067 2063)
4(2066 2070 2071 2067)
4(2070 2074 2075 2071)
4(2074 2078 2079 2075)
4(2078 2082 2083 2079)
4(2082 2086 2087 2083)
4(2086 2090 2091 2087)
4(2090 2094 2095 2091)
4(2094 2098 2099 2095)
4(2098 2102 2103 2099)
4(2102 2106 2107 2103)
4(2106 2110 2111 2107)
4(2110 2114 2115 2111)
4(2114 2118 2119 2115)
4(2118 2122 2123 2119)
4(2122 2126 2127 2123)
4(2126 2130 2131 2127)
4(2130 2134 2135 2131)
4(2134 2138 2139 2135)
4(2138 2142 2143 2139)
4(2142 2146 2147 2143)
4(2146 2150 2151 2147)
4(2150 2154 2155 2151)
4(2154 2158 2159 2155)
4(2158 2162 2163 2159)
4(2162 2166 2167 2163)
4(2166 2170 2171 2167)
4(2170 2174 2175 2171)
4(2174 2178 2179 2175)
4(2178 2182 2183 2179)
4(2182 2186 2187 2183)
4(2186 2190 2191 2187)
4(2190 2194 2195 2191)
4(2194 2198 2199 2195)
4(2198 2202 2203 2199)
4(2202 2206 2207 2203)
4(2206 2210 2211 2207)
4(2210 2214 2215 2211)
4(2214 2218 2219 2215)
4(2218 2222 2223 2219)
4(2222 2226 2227 2223)
4(2226 2230 2231 2227)
4(2230 2234 2235 2231)
4(2234 2238 2239 2235)
4(2238 2242 2243 2239)
4(2242 2246 2247 2243)
4(2246 2250 2251 2247)
4(2250 2254 2255 2251)
4(2254 2258 2259 2255)
4(2258 2262 2263 2259)
4(2262 2266 2267 2263)
4(2266 2270 2271 2267)
4(2270 2274 2275 2271)
4(2274 2278 2279 2275)
4(2278 2282 2283 2279)
4(2282 2286 2287 2283)
4(2286 2290 2291 2287)
4(2290 2294 2295 2291)
4(2294 2298 2299 2295)
4(2298 2302 2303 2299)
4(2302 2306 2307 2303)
4(2306 2310 2311 2307)
4(2310 2314 2315 2311)
4(2314 2318 2319 2315)
4(2318 2322 2323 2319)
4(2322 2326 2327 2323)
4(2326 2330 2331 2327)
4(2330 2334 2335 2331)
4(2334 2338 2339 2335)
4(2338 2342 2343 2339)
4(2342 2346 2347 2343)
4(2346 2350 2351 2347)
4(2350 2354 2355 2351)
4(2354 2358 2359 2355)
4(2358 2362 2363 2359)
4(2362 2366 2367 2363)
4(2366 2370 2371 2367)
4(2370 2374 2375 2371)
4(2374 2378 2379 2375)
4(2378 2382 2383 2379)
4(2382 2386 2387 2383)
4(2386 2390 2391 2387)
4(2390 2394 2395 2391)
4(2394 2398 2399 2395)
4(2398 2402 2403 2399)
)


// ************************************************************************* //
