/*--------------------------------*- C++ -*----------------------------------*\
| =========                 |                                                 |
| \\      /  F ield         | OpenFOAM: The Open Source CFD Toolbox           |
|  \\    /   O peration     | Version:  2.4.x                                 |
|   \\  /    A nd           | Web:      www.OpenFOAM.org                      |
|    \\/     M anipulation  |                                                 |
\*---------------------------------------------------------------------------*/
FoamFile
{
    version     2.0;
    format      ascii;
    class       volScalarField;
    location    "1.4";
    object      epsilon;
}
// * * * * * * * * * * * * * * * * * * * * * * * * * * * * * * * * * * * * * //

dimensions      [0 2 -3 0 0 0 0];

internalField   nonuniform List<scalar> 
360
(
1e-20
1e-20
1e-20
1e-20
1e-20
1e-20
1e-20
1e-20
1e-20
1e-20
1e-20
1e-20
1e-20
1e-20
1e-20
1e-20
1e-20
1e-20
1e-20
1e-20
1e-20
1e-20
1e-20
1e-20
1e-20
1e-20
1e-20
1e-20
1e-20
1e-20
1e-20
1e-20
1e-20
1e-20
1e-20
1e-20
1e-20
1e-20
1e-20
1e-20
1e-20
1e-20
1e-20
1e-20
1e-20
1e-20
1e-20
1e-20
1e-20
1e-20
1e-20
1e-20
1e-20
1e-20
1e-20
1e-20
1e-20
1e-20
1e-20
1e-20
1e-20
1e-20
1e-20
1e-20
1e-20
1e-20
1e-20
1e-20
1e-20
1e-20
1e-20
1e-20
1e-20
1e-20
1e-20
1e-20
1e-20
1e-20
1e-20
1e-20
1e-20
1e-20
1e-20
1e-20
1e-20
1e-20
1e-20
1e-20
1e-20
1e-20
1e-20
1e-20
1e-20
1e-20
1e-20
1e-20
1e-20
1e-20
1e-20
1e-20
1e-20
1e-20
1e-20
1e-20
1e-20
1e-20
1e-20
1e-20
1e-20
1e-20
1e-20
1e-20
1e-20
1e-20
1e-20
1e-20
1e-20
1e-20
1e-20
1e-20
1e-20
1e-20
1e-20
1e-20
1e-20
1e-20
1e-20
1e-20
1e-20
1e-20
1e-20
1e-20
1e-20
1e-20
1e-20
1e-20
1e-20
1.68157e-20
4.09531e-20
1.00119e-19
1.65105e-19
1.97375e-19
2.07236e-19
2.11743e-19
2.17495e-19
2.23396e-19
2.14664e-19
1.98591e-19
1.87779e-19
1.63238e-19
2.56149e-19
1.07658e-17
2.08839e-16
1.49089e-15
3.54533e-15
4.16718e-15
3.23525e-15
1.77922e-15
7.78488e-16
2.7555e-16
8.52528e-17
2.37689e-17
6.53127e-18
1.90008e-18
6.61801e-19
2.89981e-19
1.59003e-19
1.00837e-19
7.05719e-20
5.23094e-20
4.04786e-20
3.21918e-20
2.61392e-20
2.15576e-20
1.79552e-20
1.51382e-20
1.29061e-20
1.12823e-20
1.02448e-20
1e-20
1e-20
1e-20
1e-20
1e-20
1e-20
1e-20
1e-20
1e-20
1e-20
1e-20
1e-20
1e-20
1e-20
1e-20
1e-20
1e-20
1e-20
1e-20
1e-20
1e-20
1e-20
1e-20
1e-20
1e-20
1e-20
1e-20
1e-20
1e-20
1e-20
1e-20
1e-20
1e-20
1e-20
1e-20
1e-20
1e-20
1e-20
1e-20
1e-20
1e-20
1e-20
1e-20
1e-20
1e-20
1e-20
1e-20
1e-20
1e-20
1e-20
1e-20
1e-20
1e-20
1e-20
1e-20
1e-20
1e-20
1e-20
1e-20
1e-20
1e-20
1e-20
1e-20
1e-20
1e-20
1e-20
1e-20
1e-20
1e-20
1e-20
1e-20
1e-20
1e-20
1e-20
1e-20
1e-20
1e-20
1e-20
1e-20
1e-20
1e-20
1e-20
1e-20
1e-20
1e-20
1e-20
1e-20
1e-20
1e-20
1e-20
1e-20
1e-20
1e-20
1e-20
1e-20
1e-20
1e-20
1e-20
1e-20
1e-20
1e-20
1e-20
1e-20
1e-20
1e-20
1e-20
1e-20
1e-20
1e-20
1e-20
1e-20
1e-20
1e-20
1e-20
1e-20
1e-20
1e-20
1e-20
1e-20
1e-20
1e-20
1e-20
1e-20
1e-20
1e-20
1e-20
1e-20
1e-20
1e-20
1e-20
1e-20
1e-20
1e-20
1e-20
1e-20
1e-20
1e-20
1e-20
1e-20
1e-20
1e-20
1e-20
1e-20
1e-20
1e-20
1e-20
1e-20
1e-20
1e-20
1e-20
1e-20
1e-20
1e-20
1e-20
1e-20
1e-20
1e-20
1e-20
1e-20
1e-20
1e-20
1e-20
1e-20
1e-20
1e-20
1e-20
1e-20
1e-20
1e-20
1e-20
1e-20
1e-20
1e-20
1e-20
1e-20
1e-20
1e-20
1e-20
1e-20
1e-20
1e-20
)
;

boundaryField
{
    inandouthalf11
    {
        type            cyclic;
    }
    inandouthalf12
    {
        type            cyclic;
    }
    inandouthalf21
    {
        type            cyclic;
    }
    inandouthalf22
    {
        type            cyclic;
    }
    inandouthalf31
    {
        type            cyclic;
    }
    inandouthalf32
    {
        type            cyclic;
    }
    inandouthalf41
    {
        type            cyclic;
    }
    inandouthalf42
    {
        type            cyclic;
    }
    top
    {
        type            symmetryPlane;
    }
    walls
    {
        type            zeroGradient;
    }
    frontAndBackPlanes
    {
        type            empty;
    }
}


// ************************************************************************* //
